year,country,eastwest,eumember,party_id,party,cmp_id,vote,seat,electionyear,epvote,family,govt,lrgen,lrecon,lrecon_salience,lrecon_dissent,lrecon_blur,galtan,galtan_salience,galtan_dissent,galtan_blur,eu_position,eu_salience,eu_dissent,eu_blur,spendvtax,spendvtax_salience,deregulation,dereg_salience,redistribution,redist_salience,econ_interven,civlib_laworder,civlib_salience,sociallifestyle,social_salience,womens_rights,lgbtq_rights,samesex_marriage,religious_principles,relig_salience,immigrate_policy,immigrate_salience,immigrate_dissent,multiculturalism,multicult_salience,multicult_dissent,nationalism,nationalism_salience,ethnic_minorities,ethnic_salience,urban_rural,urban_salience,environment,enviro_salience,climate_change,climate_change_salience,protectionism,regions,region_salience,international_security,international_salience,us,us_salience,eu_benefit,eu_ep,eu_fiscal,eu_intmark,eu_employ,eu_budgets,eu_agri,eu_cohesion,eu_environ,eu_asylum,eu_foreign,eu_turkey,eu_russia,russian_interference,anti_islam_rhetoric,people_vs_elite,antielite_salience,corrupt_salience,members_vs_leadership,executive_power,judicial_independence,mip_one,mip_two,mip_three,chesversion
1999,1,1,1,102,PS,21322,10.2,12.7,1999,9.590000152587891,5,1,3.111111164093018,2.625,,,,3.875,,,,6.666666507720947,4.7222223,1.388889,,,,,,,,,,,,,,,,,,,,,,,,,,,,,,,,,,,,,,,,,,6.333333492279053,6.666666507720947,,6.55555534362793,,,6.625,5.888888835906982,5.666666507720947,6.55555534362793,,,,,,,,,,,,,,2025.1
2002,1,1,1,102,PS,21322,10.2,12.7,1999,9.590000152587891,5,1,3.35,2.5,,,,4,,,,6.09,4.5333328,2.1111112,,,,,,,,,,,,,,,,,,,,,,,,,,,,,,,,,,,,,,,,,,6,,4.1,6.55,,4.88,5.85,5,6.3,6.33,,,,,,,,,,,,,,2025.1
2006,1,1,1,102,PS,21322,13,16.700001,2003,13.5,5,1,3.5,3.17,,,,2.83,,,,5.71,4.2999997,3.4300001,,2.670000076293945,6.5,2.329999923706055,6.829999923706055,2,8,,3.670000076293945,6.5,2.329999923706055,5.670000076293945,,,,1.330000042915344,5.670000076293945,2.5,6.329999923706055,,4.1999998,,,3.1700001,4.3299999,3.170000076293945,6.329999923706055,4.400000095367432,3,,,,,,6.1700001,7,,,2.6700001,3.5,,6.5,,4,,,,6.67,,,5.83,6,,,,,,,,,,,,,2025.1
2010,1,1,1,102,PS,21322,13.7,17.299999,2010,10.88000011444092,5,1,2.5,2.571428537368774,,,,2.857142925262451,,,,6.199999809265137,4.5238099,2.4615386,,1.692307710647583,7.615384578704834,2.375,4.5,1.818181872367859,7.583333492279053,,2.636363744735718,4.727272510528564,1.818181872367859,5.090909004211426,,,,1.454545497894287,2.545454502105713,2,6.083333492279053,,3.25,5.5454545,,,,2.444444417953491,5.333333492279053,4,2.142857074737549,4.9166665,4.8333335,,,,5.5833335,5.0833335,6.090909,3.2222223,,,1.1333333,6.545454502105713,,5.083333492279053,,,,6.625,,,6.333333492279053,5.75,,,,,,,,,,,,,2025.1
2014,1,1,1,102,PS,21322,11.7,15.3,2014,10.7,5,.5,2.599999904632568,2.400000095367432,8.3999996,,,3.400000095367432,3.2,,,6,3.2,3,,2.400000095367432,,2,,1.799999952316284,,1.75,2.200000047683716,,1.600000023841858,,,,,1,,2.799999952316284,,,2,,,2.25,,2,,3.333333253860474,,3.8,,,,,6.5999999,,5.8000002,,,,1.2,6.400000095367432,,5,,4.1999998,,6.25,,,6,5.5,,,,,2.5999999,2.25,,,,13,14,17,2025.1
2019,1,1,1,102,PS,21322,9.460000000000001,13.5,2019,9.74,5,0,2.083333253860474,2.25,8.166667,2.2,1.1428572,2.916666746139526,4,2.5,2.75,6.083333492279053,4.2727275,2.75,2.1666667,2,,2,,1.583333373069763,8.166666984558105,1.5454545,3.090909004211426,,2,,,,,1.5,,3.416666746139526,4.25,3.4000001,3.0833333,4.4545455,3.5,3.4545455,,2.636363744735718,,3.333333253860474,,4.5,4.3636365,,,6.2727275,6,,,,,,,,,4.777777671813965,,4.25,,6.25,,5.55555534362793,5.44444465637207,,,.11111111,2.1111112,3.3636363,2.1818182,1.9090909,7.5,,,,,,2025.1
2024,1,1,1,102,PS,21322,8.039999999999999,16,2024,7.429999828338623,5,,2.555555582046509,2.444444417953491,7.4444447,.5,2.1666667,2.777777671813965,4.75,3.6666667,2.5999999,5.777777671813965,3.2222223,1.5,3.3333333,2.200000047683716,,3.333333253860474,,2.428571462631226,8.428571701049805,,2.666666746139526,,,,3,1,2.1428571,4.25,,3.222222328186035,3.222222328186035,4.3333335,3.1111112,4,,3.75,,2.333333253860474,,4,,3,4.1999998,4,3.6666667,5.75,5.5,,,,,,,,,3.5,,,,,,,5,,4.5,,0,4,4.4000001,.5,,4.5,1.75,,,,2025.1
1999,1,1,1,103,SP,21321,9.6,9.3000002,1999,8.840000152587891,5,1,3.333333253860474,3.125,,,,4.5,,,,6.666666507720947,4.7222223,1.111111,,,,,,,,,,,,,,,,,,,,,,,,,,,,,,,,,,,,,,,,,,6.333333492279053,6.666666507720947,,6.55555534362793,,,6.25,6,5.666666507720947,6.55555534362793,,,,,,,,,,,,,,2025.1
2002,1,1,1,103,SP,21321,9.6,9.3000002,1999,8.840000152587891,5,1,3.5,3,,,,3.27,,,,5.45,5.4666672,4.0444441,,,,,,,,,,,,,,,,,,,,,,,,,,,,,,,,,,,,,,,,,,6,,4,6.56,,3.78,5.43,5.56,6.45,6.55,,,,,,,,,,,,,,2025.1
2006,1,1,1,103,SPA,21321,14.9,15.3,2003,11,5,1,3.22,2.63,,,,2.63,,,,5.6,5,3.5599999,,1.879999995231628,7,2.220000028610229,8,1.879999995231628,8.25,,4,5.130000114440918,1.330000042915344,7.130000114440918,,,,1.629999995231628,3.75,3.75,5.5,,3.3800001,,,2.3800001,4.8800001,3.289999961853027,5.289999961853027,3.200000047683716,3.799999952316284,,,,,,4.8800001,4.5,,,2.71,3.29,,6.33,,3.89,,,,5.86,,,5.5,5.44,,,,,,,,,,,,,2025.1
2010,1,1,1,103,SPA,21321,9.24,8.6999998,2010,8.210000038146973,5,0,3.428571224212646,3.199999809265137,,,,2.933333396911621,,,,6.066666603088379,4.4444442,3,,2.615384578704834,7.230769157409668,2.888888835906982,4.875,2.454545497894287,7.416666507720947,,3.599999904632568,4.818181991577148,1.818181872367859,5,,,,1.636363625526428,2.363636255264282,4,5.166666507720947,,4.5,5.5454545,,,,3.799999952316284,4.5,3.625,2.625,3.9166667,5.5,,,,3.75,6.0833335,6.4545455,3.9000001,,,1.1333333,6.692307472229004,,5.214285850524902,,,,6.400000095367432,,,6.428571224212646,5.615384578704834,,,,,,,,,,,,,2025.1
2014,1,1,1,103,SPA,21321,8.800000000000001,8.6999998,2014,8.300000000000001,5,.5,3,2.799999952316284,8.3999996,,,2.599999904632568,4.25,,,6,3.8,3.25,,2.799999952316284,,2.599999904632568,,2,,2.25,2.400000095367432,,1.399999976158142,,,,,1,,3.400000095367432,,,2.4000001,,,2.25,,2.599999904632568,,2.333333253860474,,3.4000001,,,,,6,,5.8000002,,,,1.2,6.599999904632568,,5,,4.1999998,,6.25,,,6.199999809265137,5.5,,,,,2.5999999,3,,,,13,14,17,2025.1
2019,1,1,1,103,SP/SPA,21321,6.71,6.0999999,2019,6.45,5,0,3.083333253860474,3.083333253860474,7.9166665,2.2,1.4285715,2.75,4.5833335,2.5,2.7777777,6,4.181818,2.5,1.7142857,2.666666746139526,,2.200000047683716,,2,8.083333015441895,2,3.666666746139526,,1.909090876579285,,,,,1.600000023841858,,4.083333492279053,4.5,4.181818,3.3333333,5,3.8,3.0833333,,2.454545497894287,,3,,4.2727275,4.3636365,,,5.7272725,5.3333335,,,,,,,,,4.777777671813965,,4.625,,6,,5.44444465637207,5.44444465637207,,,.11111111,2.2222223,3.5454545,2.090909,1.6363636,6.818182,,,,,,2025.1
2024,1,1,1,103,Vooruit,21321,8.109999999999999,13,2024,7.989999771118164,5,,4.300000190734863,4.099999904632568,7,1.5,3,3.099999904632568,5.0999999,4.75,2.8333333,6.099999904632568,3,1.3333334,3,3.166666746139526,,4,,3.5,7.625,,3.333333253860474,,,,2.4285715,.5,1.5714285,4.400000095367432,,5,4.400000095367432,5.3333335,5.1111112,4.8888888,,3.75,,5,,4,,3.2,4,3.4000001,5.1999998,5.25,5.5,,,,,,,,,4.5,,,,,,,5,,3.3333333,,1.5,4,3.6666667,.5,,4,2,,,,2025.1
1999,1,1,1,104,ECOLO,21111,7.3,7.3000002,1999,8.439999580383301,7,.5,1.888888835906982,1.75,,,,1.25,,,,5.777777671813965,3.6111112,1.6666665,,,,,,,,,,,,,,,,,,,,,,,,,,,,,,,,,,,,,,,,,,6.777777671813965,6.375,,6,,,6.571428775787354,6.777777671813965,5.875,5.111111164093018,,,,,,,,,,,,,,2025.1
2002,1,1,1,104,ECOLO,21111,7.3,7.3000002,1999,8.439999580383301,7,1,2.56,2.4,,,,1.6,,,,5.9,5,2.3444443,,,,,,,,,,,,,,,,,,,,,,,,,,,,,,,,,,,,,,,,,,6.67,,3.88,6.33,,3.29,5.5,6.78,5.56,5,,,,,,,,,,,,,,2025.1
2006,1,1,1,104,ECOLO,21111,3.1,2.7,2003,3.700000047683716,7,0,2.83,3.5,,,,1.67,,,,5.57,4.2999997,3.8599999,,2.829999923706055,5.5,2,6.5,2,6,,2.329999923706055,6.329999923706055,1.5,7,,,,1.330000042915344,4.670000076293945,2,5.829999923706055,,2,,,1.5,5.6700001,2.329999923706055,6.829999923706055,4.599999904632568,3.829999923706055,,,,,,6.3299999,6.1700001,,,1.5,4.6700001,,6.83,,3.67,,,,6.5,,,5.67,6.2,,,,,,,,,,,,,2025.1
2010,1,1,1,104,ECOLO,21111,4.8,5.3000002,2010,8.550000190734863,7,0,2.285714387893677,2.142857074737549,,,,2,,,,6,5,2.2307692,,1.538461565971375,5.333333492279053,2.222222328186035,4.625,1.600000023841858,7.083333492279053,,2.272727251052856,5,1.181818127632141,6.272727489471436,,,,2.272727251052856,2.5,1,6.636363506317139,,2,6.818182,,,,1.399999976158142,7.55555534362793,3.875,2.875,1.0833334,9.416667,,,,5.75,4.5,6.5454545,4.125,,,1.0769231,6.75,,4.583333492279053,,,,6.5,,,6.083333492279053,6.363636493682861,,,,,,,,,,,,,2025.1
2014,1,1,1,104,ECOLO,21111,3.3,4,2014,4.3,7,0,2.200000047683716,2.200000047683716,7.1999998,,,1.200000047683716,5.5999999,,,6.25,3.8,1.6666666,,2.599999904632568,,1.799999952316284,,1.600000023841858,,1.75,1.399999976158142,,.800000011920929,,,,,1.399999976158142,,1.799999952316284,,,1.2,,,1,,1.399999976158142,,2.333333253860474,,1,,,,,6.8000002,,7.1999998,,,,1,6.800000190734863,,5,,3.8,,6.25,,,5.400000095367432,5.5,,,,,3,6.25,,,,6,14,13,2025.1
2019,1,1,1,104,ECOLO,21111,6.14,8.8000002,2019,7.31,7,0,2.083333253860474,2.5,6.25,3.4000001,2,1.083333373069763,6.2727275,1,1.625,6.583333492279053,4.818182,2.5,1.4285715,2.166666746139526,,2,,1.916666626930237,7,2.1818182,2,,1,,,,,1.899999976158142,,2,6,2,1.75,5.909091,2.7,1.75,,2,,1.799999952316284,,.91666669,9.363636,,,5.818182,6.1666665,,,,,,,,,4.777777671813965,,4.75,,6,,6,5.666666507720947,,,.11111111,2.8888888,5.6363635,2.4545455,2.3636363,3.909091,,,,,,2025.1
2024,1,1,1,104,Ecolo,21111,2.93,3,2024,3.640000104904175,7,,2.444444417953491,2.444444417953491,5.5,1.5,3,1.555555582046509,7.25,2,2.5999999,5.888888835906982,3.875,1.5,3,2.200000047683716,,3.666666746139526,,2.714285612106323,6.571428775787354,,1.333333373069763,,,,2.3333333,0,.83333331,5.75,,2.444444417953491,5.75,2.1666667,2.4285715,5.1428571,,1.75,,1.75,,3,,1,7.1999998,0,9.75,5.75,6.75,,,,,,,,,5,,,,,,,5.5,,6,,0,6,3.2,.5,,2.5,1.5,,,,2025.1
1999,1,1,1,105,AGALEV,21112,7,6,1999,7.460000038146973,7,.5,2.444444417953491,2.125,,,,1.25,,,,6,3.6111112,1.6666665,,,,,,,,,,,,,,,,,,,,,,,,,,,,,,,,,,,,,,,,,,6.777777671813965,6.375,,6,,,6.571428775787354,6.888888835906982,5.875,5.111111164093018,,,,,,,,,,,,,,2025.1
2002,1,1,1,105,AGALEV,21112,7,6,1999,7.460000038146973,7,1,2.64,2.45,,,,1.55,,,,5.95,4.8333335,2.6666667,,,,,,,,,,,,,,,,,,,,,,,,,,,,,,,,,,,,,,,,,,6.7,,3.78,6.33,,3.25,5.33,6.8,5.6,5.1,,,,,,,,,,,,,,2025.1
2006,1,1,1,105,Groen,21112,2.5,0,2003,4.900000095367432,7,0,1.89,1.63,,,,.63,,,,5.1,5,2.8900001,,1.129999995231628,5.380000114440918,1.440000057220459,6.5,1,7.75,,3.630000114440918,4.75,.6299999952316284,8.25,,,,1.879999995231628,3.130000114440918,1.129999995231628,8.25,,.75,,,.63,5.5,1,7.570000171661377,3,3.599999904632568,,,,,,5.25,2.3800001,,,.86000001,5.1399999,,6.43,,4,,,,5.43,,,4.88,5.67,,,,,,,,,,,,,2025.1
2010,1,1,1,105,Groen,21112,4.38,3.3,2010,4.900000095367432,7,0,2.285714387893677,2.333333253860474,,,,1.533333301544189,,,,6.199999809265137,5.333333,2.2,,1.923076868057251,5.230769157409668,2,4.625,1.818181872367859,6.916666507720947,,2.181818246841431,5.090909004211426,.9090909361839294,6.545454502105713,,,,2.545454502105713,2.545454502105713,1.416666626930237,6.583333492279053,,2.25,6.7272725,,,,1.600000023841858,7.199999809265137,3.5,3.375,1.0833334,9.75,,,,4.5,4.8333335,7,3.5999999,,,1.0666667,6.714285850524902,,4.285714149475098,,,,6.199999809265137,,,5.928571224212646,6.153846263885498,,,,,,,,,,,,,2025.1
2014,1,1,1,105,Groen,21112,5.3,4,2014,6.7,7,0,2.200000047683716,2,7.1999998,,,1.200000047683716,5.5999999,,,6.199999809265137,3.8,3,,2.599999904632568,,2,,1.799999952316284,,2.25,1.399999976158142,,.800000011920929,,,,,1.399999976158142,,2.200000047683716,,,1.4,,,1,,1.399999976158142,,2.333333253860474,,1,,,,,6.8000002,,7.1999998,,,,1,6.800000190734863,,5,,3.8,,6.25,,,5.400000095367432,5.5,,,,,3,6.25,,,,6,14,13,2025.1
2019,1,1,1,105,AGALEV,21112,6.1,5.4000001,2019,7.81,7,0,2.416666746139526,2.666666746139526,6.25,3,2,1.166666626930237,6.4166665,1,1.6666666,6.583333492279053,4.818182,2.5,1.2857143,2.333333253860474,,2.200000047683716,,2.25,7,2.3636363,2.083333253860474,,.9090909361839294,,,,,1.799999952316284,,2.25,5.583333492279053,2.090909,1.9166666,5.818182,2.7,1.9166666,,2,,1.899999976158142,,.83333331,9.5,,,5.909091,6.0833335,,,,,,,,,4.777777671813965,,4.75,,5.875,,6,5.666666507720947,,,.11111111,2.7777777,5.6363635,2.3636363,2,4,,,,,,2025.1
2024,1,1,1,105,Groen,21112,4.65,6,2024,6.320000171661377,7,,2.5,2.700000047683716,5.5999999,2,3,1.600000023841858,6.8000002,1.75,2.6666667,5.900000095367432,3.5999999,1.1666666,3,2.333333253860474,,3.666666746139526,,2.5,6.75,,1.666666626930237,,,,2,0,.85714287,5.400000095367432,,2.599999904632568,5.099999904632568,2.2222223,2.5555556,4.4444447,,1.75,,2.25,,3,,1,7.1999998,0,9.8000002,5.5,6.25,,,,,,,,,5,,,,,,,5.5,,4.6666665,,.5,6,2.8333333,.5,,2.5,1.4,,,,2025.1
1999,1,1,1,106,PRL,21422,7.7,9,1999,6.690000057220459,3,.5,6.666666507720947,7,,,,4.714285850524902,,,,6.55555534362793,4.166667,.83333343,,,,,,,,,,,,,,,,,,,,,,,,,,,,,,,,,,,,,,,,,,6.25,5.625,,4.625,,,5.625,5,5.5,6.55555534362793,,,,,,,,,,,,,,2025.1
2002,1,1,1,106,MR,21426,10.1,12,1999,6.690000057220459,3,1,6.35,7.3,,,,4.6,,,,6.22,6.3333335,2.1111112,,,,,,,,,,,,,,,,,,,,,,,,,,,,,,,,,,,,,,,,,,5.8,,6.33,4.86,,4.86,5.43,4.86,6.4,6.89,,,,,,,,,,,,,,2025.1
2006,1,1,1,106,MR,21426,11.4,16,2003,10.30000019073486,3,1,6.67,7.5,,,,4,,,,6.43,3.3333333,.86000001,,8.5,8.670000076293945,7.5,7.670000076293945,6.670000076293945,6,,7,5.829999923706055,4.829999923706055,5.5,,,,3.829999923706055,4.5,5.329999923706055,5.829999923706055,,6.5999999,,,5.5,4.5,5.670000076293945,5.5,6,3.799999952316284,,,,,,7.1700001,7.8299999,,,5.5,2.8299999,,6.33,,6.5,,,,6.33,,,6.33,4.2,,,,,,,,,,,,,2025.1
2010,1,1,1,106,MR,21426,9.279999999999999,12,2010,9.739999771118164,3,1,7,7.615385055541992,,,,4.357142925262451,,,,6.666666507720947,4.7619047,2.3076923,,7.416666507720947,8.076923370361328,7.125,5.571428775787354,6.636363506317139,4.833333492279053,,5.454545497894287,5.909090995788574,3.363636255264282,4.272727489471436,,,,2.272727251052856,2.636363744735718,5.666666507720947,5.833333492279053,,5.8333335,5.909091,,,,4.699999809265137,5.222222328186035,4.625,2.375,6.9166665,4.1666665,,,,6.0833335,5.3333335,3.8181818,3.2222223,,,1,6.333333492279053,,6.833333492279053,,,,6.375,,,6.666666507720947,4.909090995788574,,,,,,,,,,,,,2025.1
2014,1,1,1,106,MR,21426,9.6,13.3,2014,9.9,3,1,7,7.599999904632568,8.6000004,,,3,3.2,,,6.400000095367432,4.4000001,1.3333334,,8,,7.599999904632568,,6.599999904632568,,7.25,5.599999904632568,,1.600000023841858,,,,,1,,6.199999809265137,,,6.1999998,,,3,,5,,4.666666507720947,,6.8000002,,,,,7.1999998,,3.4000001,,,,1,6.75,,6.599999904632568,,6.4000001,,6,,,6.599999904632568,4.75,,,,,1.6,3,,,,13,17,5,2025.1
2019,1,1,1,106,PRL/MR,21426,7.56,9.5,2019,7.06,3,1,6.5,6.916666507720947,8.083333,2.4000001,1.2857143,3.181818246841431,4.4545455,1.5,3.125,6.5,5.090909,2,1.7142857,6.583333492279053,,6.900000095367432,,5.833333492279053,6,6.6363635,4.727272510528564,,2.727272748947144,,,,,1.799999952316284,,5.583333492279053,4.666666507720947,4.5999999,4.9166665,4.181818,4.5,3.3333333,,4.454545497894287,,4.44444465637207,,6.2727275,3.8181818,,,2.7272727,6.4166665,,,,,,,,,6,,5.5,,5.5,,5.666666507720947,5.777777671813965,,,.11111111,2.3333333,4.6363635,1.7272727,1.6363636,7,,,,,,2025.1
2024,1,1,1,106,MR,21426,10.26,20,2024,12.61999988555908,3,,7.44444465637207,8,8.1111107,.5,1.5,5.222222328186035,5.25,3,3,6.44444465637207,3.375,1.25,2.3333333,8.399999618530273,,8,,7.857142925262451,6.571428775787354,,6,,,,4.8000002,1,2.5714285,1.5,,6.5,5.777777671813965,3.5714285,7.25,5.75,,4,,6.75,,6,,7.4000001,5.4000001,5.5,3,1.75,6.25,,,,,,,,,7,,,,,,,5,,2.3333333,,5,2.6666667,4.1999998,.5,,6.5,4.25,,,,2025.1
1999,1,1,1,107,PVV/VLD,21421,14.3,15.3,1999,13.60999965667725,3,.5,7.111111164093018,7.625,,,,5.125,,,,6.666666507720947,4.166667,.83333343,,,,,,,,,,,,,,,,,,,,,,,,,,,,,,,,,,,,,,,,,,6.25,5.625,,4.625,,,5.375,5.125,5.5,6.55555534362793,,,,,,,,,,,,,,2025.1
2002,1,1,1,107,VLD,21421,14.3,15.3,1999,13.60999965667725,3,1,6.23,7.45,,,,3.55,,,,6.54,6.0666666,1.8222224,,,,,,,,,,,,,,,,,,,,,,,,,,,,,,,,,,,,,,,,,,6.27,,6.7,4.67,,3.89,4.29,4.78,6.55,6.82,,,,,,,,,,,,,,2025.1
2006,1,1,1,107,VLD,21421,15.4,16.700001,2003,13.60000038146973,3,1,6.78,7.88,,,,3,,,,6.8,5.333333,2,,8.130000114440918,7.630000114440918,8.220000267028809,7.75,5.75,5.130000114440918,,5.130000114440918,6.75,1,7.5,,,,1.139999985694885,3.5,6.130000114440918,6.25,,5.5,,,2.3800001,4.25,5,4,3.200000047683716,2,,,,,,4.75,4,,,5.1399999,3,,6.17,,6.56,,,,5.71,,,6.75,5,,,,,,,,,,,,,2025.1
2010,1,1,1,107,VLD,21421,8.640000000000001,8.6999998,2010,12.75,3,1,6.928571224212646,7.600000381469727,,,,3.199999809265137,,,,6.666666507720947,5.333333,2.4666667,,8.384614944458008,8.461538314819336,7,5.75,6.199999809265137,4.833333492279053,,5.090909004211426,5.545454502105713,1.909090876579285,5,,,,1.545454502105713,2.818181753158569,6.583333492279053,5.666666507720947,,6.0833335,5.5454545,,,,5.5,4.300000190734863,4,1.625,6.6666665,4.0833335,,,,3.75,6.25,4.181818,2.8,,,1,6.642857074737549,,6.857142925262451,,,,5.900000095367432,,,6.785714149475098,5,,,,,,,,,,,,,2025.1
2014,1,1,1,107,VLD,21421,9.800000000000001,9.3000002,2014,12.8,3,1,7,7.800000190734863,8.6000004,,,2.400000095367432,3.5999999,,,6.599999904632568,3.5999999,2,,8.399999618530273,,8,,6.599999904632568,,7.25,6.199999809265137,,1.399999976158142,,,,,1,,6.599999904632568,,,6.4000001,,,3,,5.599999904632568,,3.666666746139526,,7,,,,,5.8000002,,3.4000001,,,,1,6.599999904632568,,6.599999904632568,,6.4000001,,5.5,,,6.599999904632568,4.75,,,,,1.6,3,,,,13,17,5,2025.1
2019,1,1,1,107,VLD/PVV,21421,8.539999999999999,8.1000004,2019,10.07,3,1,6.583333492279053,7.166666507720947,8.166667,2.5999999,1.2857143,2.454545497894287,5.1666665,1.5,2.4444444,6.833333492279053,5.090909,1.5,1.2857143,7.083333492279053,,7.400000095367432,,6,6,6.818182,4.833333492279053,,2,,,,,1.600000023841858,,5.916666507720947,4.666666507720947,4.7272725,4.8333335,4.4545455,4.9000001,3,,4.363636493682861,,3.555555582046509,,6.25,3.8181818,,,2.5454545,5.6666665,,,,,,,,,6.111111164093018,,5.5,,5,,5.777777671813965,5.777777671813965,,,.11111111,2.2222223,5.7272725,1.7272727,1.5454545,6.6363635,,,,,,2025.1
2024,1,1,1,107,Open Vld,21421,5.45,7,2024,5.760000228881836,3,,6.333333492279053,7,7.5999999,1.75,3.3333333,3,4.9000001,2.5,3.1666667,6.699999809265137,4,1.5,1.6666666,7.666666507720947,,7.333333492279053,,6.625,5.625,,4.666666507720947,,,,2.4285715,.5,1.1428572,1.200000047683716,,5.599999904632568,3.299999952316284,4.5555553,5.7777777,4,,2.75,,5,,4.5,,6,4.1999998,4.8000002,3.8,2,5.25,,,,,,,,,7,,,,,,,5.5,,2,,1.5,4,2.5,.5,,6,1.4,,,,2025.1
1999,1,1,1,108,PSC,21522,5.9,6.6999998,1999,4.949999809265137,4,.5,5.222222328186035,5.25,,,,6.428571224212646,,,,6.888888835906982,4.7222223,.55555552,,,,,,,,,,,,,,,,,,,,,,,,,,,,,,,,,,,,,,,,,,6.375,6,,5.666666507720947,,,6.375,5.55555534362793,5.666666507720947,6.55555534362793,,,,,,,,,,,,,,2025.1
2002,1,1,1,108,CDH,21522,5.9,6.6999998,1999,4.949999809265137,4,0,5.65,6,,,,6.9,,,,6.3,4.8000002,1.7777777,,,,,,,,,,,,,,,,,,,,,,,,,,,,,,,,,,,,,,,,,,6.11,,5.78,5.63,,6.13,5.57,5.25,6.3,6.44,,,,,,,,,,,,,,2025.1
2006,1,1,1,108,CDH,21522,5.5,5.3000002,2003,5.699999809265137,4,0,5.5,5.83,,,,6.67,,,,6.57,3.3333333,.86000001,,4.670000076293945,5.670000076293945,4.670000076293945,5.670000076293945,4,6.329999923706055,,6,5.829999923706055,6.5,5.329999923706055,,,,5.829999923706055,6.829999923706055,4.829999923706055,6.829999923706055,,5,,,4.8299999,4.1700001,3.670000076293945,6.170000076293945,6.800000190734863,4,,,,,,7,7.6700001,,,5,3,,6.33,,5.83,,,,6.5,,,6.33,4.2,,,,,,,,,,,,,2025.1
2010,1,1,1,108,CDH,21522,5.52,6,2010,4.989999771118164,4,1,4.5,4,,,,5.285714149475098,,,,6.571428775787354,4.7619047,2.3076923,,4.615384578704834,5.666666507720947,4.25,4.142857074737549,3.363636255264282,6.166666507720947,,4.454545497894287,4.300000190734863,4.181818008422852,4.909090995788574,,,,5.454545497894287,4.454545497894287,3,6,,3.9166667,5.818182,,,,3.200000047683716,5.333333492279053,5.625,2.75,5.5454545,4.6363635,,,,6.1666665,5.3333335,4.909091,3.2222223,,,1,6.545454502105713,,6.083333492279053,,,,6.5,,,6.666666507720947,4.909090995788574,,,,,,,,,,,,,2025.1
2014,1,1,1,108,CDH,21522,5,6,2014,4.1,4,.5,4.400000095367432,4.199999809265137,7,,,5,3.4000001,,,6.400000095367432,3.4000001,1.5,,5.199999809265137,,4.400000095367432,,4.199999809265137,,5,4.400000095367432,,3.200000047683716,,,,,4.800000190734863,,4.199999809265137,,,4,,,4.25,,4.599999904632568,,5.666666507720947,,5,,,,,6.8000002,,4.8000002,,,,1,6.599999904632568,,6.199999809265137,,6,,6,,,6.400000095367432,4.75,,,,,2,3,,,,13,14,17,2025.1
2019,1,1,1,108,PSC/CDH,21522,3.7,3.4000001,2019,3.45,4,0,4.583333492279053,4.666666507720947,6.4166665,4.4000001,2.8571429,5,5,3,3.375,6.416666507720947,4.3636365,2.3333333,2.1428571,5.083333492279053,,4.777777671813965,,3.916666746139526,5.916666507720947,4.4545455,4.363636493682861,,4.454545497894287,,,,,5.900000095367432,,4.5,3.818181753158569,4.125,4.181818,4.5454545,3.6666667,4.090909,,4.090909004211426,,6,,4.7777777,4.5,,,4.6999998,5.818182,,,,,,,,,5.55555534362793,,5.875,,5.375,,5.55555534362793,6,,,.11111111,1.75,4.090909,1.7272727,1.5454545,6.6999998,,,,,,2025.1
2024,1,1,1,108,LE,21522,6.77,14,2024,5.170000076293945,4,,5.55555534362793,5.333333492279053,6,2.5,3.8333333,5.75,4.625,2.6666667,4.1999998,6.428571224212646,3.3333333,1.3333334,2.3333333,4.599999904632568,,4.333333492279053,,4.857142925262451,5.666666507720947,,5,,,,4,2,5.1666665,5.75,,4.625,3.285714387893677,4.5,5.5714288,4.2857141,,4.6666665,,5.666666507720947,,7,,5.8000002,4.1999998,3.6666667,4,5.25,5.3333335,,,,,,,,,6,,,,,,,5.5,,3.5,,,4,2.25,.5,,3.5,1.75,,,,2025.1
1999,1,1,1,109,CVP,21521,14.1000003814697,14.7,1999,13.48999977111816,4,.5,5.777777671813965,5.75,,,,7.375,,,,6.888888835906982,4.7222223,.83333343,,,,,,,,,,,,,,,,,,,,,,,,,,,,,,,,,,,,,,,,,,6.25,6,,5.666666507720947,,,5.875,5.55555534362793,5.55555534362793,6.55555534362793,,,,,,,,,,,,,,2025.1
2002,1,1,1,109,CD&V,21521,14.1,14.7,1999,13.48999977111816,4,0,5.95,5.82,,,,7,,,,6.64,5.1666665,1.8222224,,,,,,,,,,,,,,,,,,,,,,,,,,,,,,,,,,,,,,,,,,6.18,,5.8,5.78,,6,4.67,5.11,6.45,6.63,,,,,,,,,,,,,,2025.1
2006,1,1,1,109,CD&V,21521,13.3,14,2003,13.05000019073486,4,0,5.56,5.563,,,,7.25,,,,6.3,4,1.89,,5.5,5.880000114440918,5.329999923706055,6.380000114440918,3.630000114440918,6,,6.380000114440918,6.880000114440918,6.440000057220459,6.880000114440918,,,,6.5,5.880000114440918,5.880000114440918,5.630000114440918,,7.1300001,,,6.3800001,6.3800001,5.329999923706055,5.139999866485596,6.800000190734863,4.199999809265137,,,,,,3.6300001,7,,,6.29,3.5699999,,6.33,,5.67,,,,6.14,,,6.13,3.56,,,,,,,,,,,,,2025.1
2010,1,1,1,109,CD&V,21521,10.85,11.3,2010,14.43000030517578,4,1,5.785714149475098,5.400000095367432,,,,6.599999904632568,,,,6.733333110809326,6.2222219,2.3333333,,4.92307710647583,5.538461685180664,5.333333492279053,3.75,4.181818008422852,5.916666507720947,,5.181818008422852,5.090909004211426,5.818181991577148,5.363636493682861,,,,7.090909004211426,5.454545497894287,5.583333492279053,5,,6.1666665,5.5454545,,,,5.099999904632568,4.199999809265137,6.5,3.5,5.5,4.3333335,,,,2.8333333,7.5833335,3.7272727,3.0999999,,,1,6.692307472229004,,6.142857074737549,,,,6.199999809265137,,,6.785714149475098,4.461538314819336,,,,,,,,,,,,,2025.1
2014,1,1,1,109,CD&V,21521,11.6,12,2014,12.6,4,1,5.400000095367432,5.599999904632568,7.4000001,,,5.599999904632568,3.4000001,,,6.599999904632568,4,1.5,,6.199999809265137,,5.199999809265137,,4.800000190734863,,5.25,5,,3.799999952316284,,,,,5.599999904632568,,5.400000095367432,,,4.8000002,,,5.25,,5.199999809265137,,7.333333492279053,,5.5999999,,,,,3.2,,3.4000001,,,,1,6.599999904632568,,6.199999809265137,,6,,6,,,6.400000095367432,4.75,,,,,2,3,,,,13,14,17,2025.1
2019,1,1,1,109,CDV,21521,8.890000000000001,8.1000004,2019,9.17,4,1,5.583333492279053,5.583333492279053,6.8333335,5.1999998,2.7142856,6.25,5.3333335,3,3.2222223,6.583333492279053,4.7272725,2.5,1.8571428,5.25,,5.5,,5,6,4.909091,5.083333492279053,,5.363636493682861,,,,,6.800000190734863,,5.666666507720947,4.083333492279053,5.3636365,5.25,4.818182,4.9000001,5.75,,4.545454502105713,,7.199999809265137,,5.4545455,4.3636365,,,4.4000001,3.8333333,,,,,,,,,5.666666507720947,,5.5,,5.125,,5.55555534362793,5.777777671813965,,,.11111111,2,3.7272727,1.5454545,1.5454545,6.6363635,,,,,,2025.1
2024,1,1,1,109,CD&V,21521,7.98,11,2024,8.340000152587891,4,,5.699999809265137,5.599999904632568,6,3.25,3.8333333,6.800000190734863,5.3000002,2,4,6.699999809265137,3.4000001,1.5,2.3333333,5,,4.666666507720947,,5,6,,5,,,,4,3,5.125,6.599999904632568,,5.5,3.799999952316284,4.2222223,5.6666665,5,,5.25,,5.75,,7.666666507720947,,6.4000001,3.5999999,5.1999998,3.4000001,5.25,4,,,,,,,,,6,,,,,,,5.5,,3.6666667,,1.5,3.3333333,2,.5,,4,1.6,,,,2025.1
1999,1,1,1,110,VU,21913,5.6,5.3000002,1999,7.570000171661377,8,0,5.125,5,,,,4,,,,5,3.6111112,1.875,,,,,,,,,,,,,,,,,,,,,,,,,,,,,,,,,,,,,,,,,,6,5.25,,5.400000095367432,,,5.333333492279053,5.44444465637207,5,4.875,,,,,,,,,,,,,,2025.1
2002,1,1,1,110,NVA,21916,5.6,5.3000002,1999,7.570000171661377,8,0,6.22,5.67,,,,5.67,,,,5,3.9333336,3.9555554,,,,,,,,,,,,,,,,,,,,,,,,,,,,,,,,,,,,,,,,,,5.78,,5,4.8,,3.5,4.75,5.2,6.4,5,,,,,,,,,,,,,,2025.1
2006,1,1,1,110,NVA,21916,3.1,.69999999,2003,4.349999904632568,8,0,7.89,7.13,,,,8.57,,,,4.9,3.3333333,2.5,,6.75,5.25,6.110000133514404,3.630000114440918,5.380000114440918,3.880000114440918,,6.630000114440918,6.5,7,4.75,,,,5.25,3.880000114440918,7.380000114440918,6.25,,8.5,,,9.5,9.5,7.710000038146973,7.289999961853027,5.400000095367432,1.399999976158142,,,,,,3.25,8.75,,,6.4299998,3.5699999,,5.83,,4.88,,,,5.57,,,5,2.89,,,,,,,,,,,,,2025.1
2010,1,1,1,110,NVA,21916,17.4,18,2010,6.130000114440918,8,0,7.571428298950195,7.800000190734863,,,,7.866666793823242,,,,5.333333492279053,4.666667,2.4666667,,8.076923370361328,6.166666507720947,7,5,6.300000190734863,4.583333492279053,,7.181818008422852,6.363636493682861,6.272727489471436,4.363636493682861,,,,4.699999809265137,2.909090995788574,7.916666507720947,6.416666507720947,,8.583333,6.5454545,,,,7,5.300000190734863,5.25,2.125,7.090909,3.5,,,,1.6666666,9.916667,4.125,2.8,,,1.4666667,5.75,,6.083333492279053,,,,5.099999904632568,,,6.230769157409668,2.384615421295166,,,,,,,,,,,,,2025.1
2014,1,1,1,110,NVA,21916,20.3,22,2014,16.8,8,.5,7.800000190734863,8.199999809265137,7.5999999,,,6.199999809265137,2.25,,,5,3,3.5,,9,,8.600000381469727,,7.400000095367432,,7.75,8.199999809265137,,3.599999904632568,,,,,3.599999904632568,,7.599999904632568,,,8.1999998,,,9,,7,,6,,7.5999999,,,,,2,,3,,,,1.4,5.800000190734863,,6.400000095367432,,5.8000002,,5.5,,,6,3.25,,,,,6.1999998,4.25,,,,4,13,12,2025.1
2019,1,1,1,110,VU/NVA,21916,16.03,16.9,2019,14.17,8,0,7.916666507720947,7.916666507720947,7.5,2.8,1.5714285,6.090909004211426,5.4166665,5,2.4444444,4.25,4.2727275,3.75,4,7.666666507720947,,7.5,,7,5.25,7.4545455,7.916666507720947,,5.636363506317139,,,,,4.900000095367432,,8.416666984558105,8.333333015441895,3.25,7.9166665,8.090909,4.3636365,8,,6.545454502105713,,6.285714149475098,,7.8333335,3.6363637,,,4,2.25,,,,,,,,,5.666666507720947,,4.375,,3.5,,2.666666746139526,4.111111164093018,,,.11111111,6.2222223,4.3000002,5.909091,2.2727273,8.090909,,,,,,2025.1
2024,1,1,1,110,NVA,21916,16.71,24,2024,13.97000026702881,8,,7.5,7.5,7.8000002,2.75,1.6666666,7.099999904632568,5.8000002,2,2.6666667,4.5,3,1.5,3,8.5,,6.333333492279053,,6.875,5.5,,8,,,,4.1428571,3,3.1428571,3,,8.199999809265137,7,2.6666667,7.7777777,7,,7.5,,8,,5.666666507720947,,6.8000002,5.8000002,5.5999999,3.2,2.75,.5,,,,,,,,,6,,,,,,,4,,1,,5.6666665,2.6666667,4.5,.5,,5.5,5.4000001,,,,2025.1
1999,1,1,1,111,FDF,21912,2.4,3,1999,3.339999914169312,8,0,6.111111164093018,6.25,,,,5.800000190734863,,,,6.142857074737549,3.6111112,1.4285713,,,,,,,,,,,,,,,,,,,,,,,,,,,,,,,,,,,,,,,,,,6.428571224212646,5.5,,5.333333492279053,,,5.285714149475098,5.571428775787354,4.833333492279053,6.285714149475098,,,,,,,,,,,,,,2025.1
2014,1,1,1,111,FDF,21912,1.8,1.3,2014,1.2,8,0,5.599999904632568,5.599999904632568,7.4000001,,,4,3.8,,,6.400000095367432,4,1.6666666,,5.599999904632568,,6.199999809265137,,5,,5.75,4.400000095367432,,2.799999952316284,,,,,2.25,,4.400000095367432,,,4.25,,,4.5,,4,,3.666666746139526,,5,,,,,4.1999998,,5,,,,1,6.75,,6,,5.4000001,,6,,,6.400000095367432,4.666666507720947,,,,,4.5999999,4.25,,,,30,13,1,2025.1
2024,1,1,1,111,DeFl,21912,1.2,1,2024,1.049999952316284,8,,6,5.5,4.1999998,0,3.3333333,3.75,6.25,4.5,4.5,6,2.6666667,1,1,5.5,,5,,4.5,6,,2,,,,2,1,.66666669,6,,4.5,6.25,3.6666667,5.3333335,5.6666665,,3,,5,,2.5,,5,5,3,3,6,3.5,,,,,,,,,,,,,,,,5.5,,2,,2,5,2.5,0,,4,1,,,,2025.1
1999,1,1,1,112,VB,21914,9.9,10,1999,9.390000343322754,1,0,9.888889312744141,8.75,,,,9.75,,,,2.222222328186035,1.9444444,1.111111,,,,,,,,,,,,,,,,,,,,,,,,,,,,,,,,,,,,,,,,,,4.125,2.857142925262451,,2.5,,,1.600000023841858,3.428571462631226,1.625,3.125,,,,,,,,,,,,,,2025.1
2002,1,1,1,112,VB,21914,9.9,10,1999,9.390000343322754,1,0,9.550000000000001,7.9,,,,9.369999999999999,,,,2.73,2.4333334,1.8222224,,,,,,,,,,,,,,,,,,,,,,,,,,,,,,,,,,,,,,,,,,3.33,,2.88,2.6,,2.33,2.33,2.67,3.6,2.75,,,,,,,,,,,,,,2025.1
2006,1,1,1,112,VB,21917,11.6,12,2003,14.30000019073486,1,0,9.67,7.13,,,,9.5,,,,2.5,3.6666663,1.67,,6.75,3.5,5.670000076293945,3.130000114440918,6.139999866485596,2.630000114440918,,9.880000114440918,9.630000114440918,9.670000076293945,7.630000114440918,,,,6.880000114440918,6,9.880000114440918,9.880000114440918,,10,,,9.8800001,9.75,10,10,4.400000095367432,1.600000023841858,,,,,,3.25,8.75,,,6,4.29,,4.33,,4.33,,,,4.29,,,3.88,1,,,,,,,,,,,,,2025.1
2010,1,1,1,112,VB,21917,7.76,8,2010,9.850000381469727,1,0,9.857142448425293,7.933333396911621,,,,9.600000381469727,,,,2.599999904632568,4.2222223,2.6666667,,8,4.583333492279053,7.428571224212646,3.285714387893677,6.111111164093018,4.25,,9.181818008422852,9.363636016845703,9,6.363636493682861,,,,4.599999904632568,4,10,9.75,,9.909091,9.636364,,,,9.100000381469727,8.800000190734863,5.75,1.875,7.6666665,2.8333333,,,,1.6666666,9.833333,5.5,2.5999999,,,2.4666667,4.25,,4.166666507720947,,,,3.125,,,4.07692289352417,1,,,,,,,,,,,,,2025.1
2014,1,1,1,112,VB,21917,3.7,2,2014,4.3,1,0,9.199999809265137,5.5,5,,,9,6,,,2.599999904632568,4.5999999,1.5,,5.199999809265137,,5.400000095367432,,5,,5.25,8.600000381469727,,7.199999809265137,,,,,5.599999904632568,,9.600000381469727,,,9.6000004,,,10,,9.600000381469727,,4,,7.1999998,,,,,1.4,,4.8000002,,,,2.5999999,5.199999809265137,,3,,2.5999999,,4.75,,,4.199999809265137,1,,,,,9,5.75,,,,9,39,1,2025.1
2019,1,1,1,112,VB,21917,11.95,12.2,2019,12.05,1,0,9.583333015441895,5,4,3.5999999,4.8571429,8,6.9166665,2,2.4444444,2.25,4.7272725,2.75,3,5.636363506317139,,5,,4.416666507720947,4.25,4.875,9.416666984558105,,8.363636016845703,,,,,6.166666507720947,,9.833333015441895,9.833333015441895,.41666666,9.583333,9.727273,1.6363636,9,,8.545454978942871,,5.166666507720947,,8.333333,2.2,,,7.6666665,2.090909,,,,,,,,,2.5,,2.25,,3,,1.777777791023254,2.111111164093018,,,.11111111,8.7777777,8.090909,8.909091,4.181818,9.1999998,,,,,,2025.1
2024,1,1,1,112,VB,21917,13.77,20,2024,14.5,1,,9.199999809265137,7,3.4000001,3,5.3333335,8.899999618530273,6.0999999,1.5,3.3333333,2,4.1999998,1.4,1.3333334,6,,5.5,,5.25,3.75,,9.333333015441895,,,,5.5714288,7.5,6.8571429,3.400000095367432,,9.899999618530273,9.800000190734863,.55555558,9.8888893,9.7777777,,9.25,,9.75,,5,,8,3.4000001,7,1,7,1.25,,,,,,,,,2.5,,,,,,,2,,5.6666665,,9,7.6666665,8.7142859,.5,,6,6,,,,2025.1
1999,1,1,1,113,MCC,,,,1999,,4,0,5.571428775787354,5.800000190734863,,,,5.800000190734863,,,,6.428571224212646,3.75,.83333343,,,,,,,,,,,,,,,,,,,,,,,,,,,,,,,,,,,,,,,,,,6.5,6.25,,6,,,6.199999809265137,5.400000095367432,5,6.400000095367432,,,,,,,,,,,,,,2025.1
1999,1,1,1,114,ID21,,,,1999,,8,0,5.142857074737549,5.142857074737549,,,,4,,,,4.625,3.4375,1.4285713,,,,,,,,,,,,,,,,,,,,,,,,,,,,,,,,,,,,,,,,,,5.666666507720947,5,,5.400000095367432,,,5.199999809265137,5.666666507720947,5.125,4.875,,,,,,,,,,,,,,2025.1
1999,1,1,1,115,FN,,1.5,.69999999,1999,1.519999980926514,1,0,9.888889312744141,8.75,,,,9.75,,,,2.142857074737549,1.5625,2.0833335,,,,,,,,,,,,,,,,,,,,,,,,,,,,,,,,,,,,,,,,,,4,2.799999952316284,,2.5,,,1.666666626930237,3.599999904632568,1.25,2,,,,,,,,,,,,,,2025.1
2010,1,1,1,115,FN,,.51,0,2010,1.330000042915344,1,0,9.214285850524902,8.454545021057129,,,,9.666666984558105,,,,2.615384578704834,2.8205128,3.1428571,,8.666666984558105,3,7.25,2,6.599999904632568,3.400000095367432,,9.777777671813965,9.666666984558105,8.888889312744141,7,,,,4.285714149475098,3.714285612106323,10,10,,9.8000002,9.6000004,,,,10,10,4.5,.8333333134651184,7.1666665,3.4285715,,,,7.4000001,2.5,5,2.8571429,,,2.6428571,4.833333492279053,,6.454545497894287,,,,4,,,4.5,1.538461565971375,,,,,,,,,,,,,2025.1
2010,1,1,1,117,LDD,21430,2.31,.69999999,2010,4.510000228881836,9,0,8.428571701049805,8.866666793823242,,,,5.066666603088379,,,,3.5,3.8095236,2.8333333,,9.384614944458008,8.416666984558105,8.333333015441895,6.25,8.399999618530273,6.272727489471436,,8.666666984558105,8.100000381469727,4.181818008422852,4.363636493682861,,,,1,2.5,8.666666984558105,6.416666507720947,,9,7,,,,8.44444465637207,5.900000095367432,4.571428775787354,1.714285731315613,7.75,3.75,,,,2.2727273,7.909091,4.6666665,2.3,,,2.2,6,,5,,,,6.199999809265137,,,5.833333492279053,5.800000190734863,,,,,,,,,,,,,2025.1
2010,1,1,1,118,Spirit,,.1,0,2010,.4000000059604645,3,0,2.769230842590332,2.384615421295166,,,,1.909090995788574,,,,5.25,5,3.7142856,,2.444444417953491,4.5,3.333333253860474,3.333333253860474,2.428571462631226,5.888888835906982,,2.714285612106323,5,1.555555582046509,6.875,,,,1.285714268684387,2.375,2.666666746139526,5.625,,3.3333333,5.1428571,,,,2.571428537368774,6,3.833333253860474,1.799999952316284,3.375,5.75,,,,3.2222223,6.875,4.5,3.5,,,2.5333333,4.857142925262451,,2.111111164093018,,,,5.333333492279053,,,3.111111164093018,5.571428775787354,,,,,,,,,,,,,2025.1
2010,1,1,1,119,PVDA,,.14,0,2010,.6100000143051147,6,0,.2857142686843872,.2000000476837158,,,,2.272727251052856,,,,2.384615421295166,5.1282048,2.5,,.1818181872367859,8,.1666666716337204,5.666666507720947,.1111111119389534,9,,1.714285731315613,5.666666507720947,1.571428537368774,4.428571224212646,,,,1.25,2.25,.300000011920929,6.75,,1.875,6.3333335,,,,1.857142806053162,6.666666507720947,4.166666507720947,2.666666746139526,4.625,5.3333335,,,,6.1428571,2.75,7.8333335,4.375,,,2.8666666,4.285714149475098,,3.833333253860474,,,,5,,,3.857142925262451,1,,,,,,,,,,,,,2025.1
2014,1,1,1,119,PVDA,,3.7,1.3,2014,3.5,6,0,.4000000059604645,.2000000029802322,8.6000004,,,2.799999952316284,4.4000001,,,3.400000095367432,3.5999999,2,,.2000000029802322,,.4000000059604645,,.2000000029802322,,.25,2,,2.25,,,,,.800000011920929,,1.799999952316284,,,1.6,,,1,,1.600000023841858,,2.666666746139526,,4.5999999,,,,,9.25,,7.8000002,,,,2.4000001,5.599999904632568,,2,,1.6,,5.5,,,2.5,5.333333492279053,,,,,8.3999996,6,,,,43,13,46,2025.1
2019,1,1,1,119,PVDA-PTB,,8.619999999999999,8.1000004,2019,8.42,6,0,.3333333432674408,.3333333432674408,8.833333,.60000002,1.7142857,4.583333492279053,3.4000001,3,3.125,2.727272748947144,4,2.6666667,1.5,.75,,.5,,.3333333432674408,9.416666984558105,.54545456,3.125,,2.444444417953491,,,,,1.375,,2.545454502105713,4.090909004211426,2.5454545,2.7,3.625,3.5555556,2.1111112,,2.333333253860474,,2.857142925262451,,4.3333335,3.5555556,,,7.909091,8.090909,,,,,,,,,1.666666626930237,,1.375,,4.571428775787354,,3,2.25,,,.11111111,2.5714285,6.8888888,8.636364,4.5454545,8.125,,,,,,2025.1
2024,1,1,1,119,PVDA-PTB,,9.859999999999999,15,2024,5.130000114440918,6,,.800000011920929,.800000011920929,8.3999996,.5,1.3333334,3.200000047683716,3.2,2.6666667,4.1666665,2.444444417953491,4.3333335,1.75,2,1,,1.666666626930237,,.625,9.625,,2,,,,2.5714285,2.5,2.5714285,5.75,,2.777777671813965,3.099999904632568,3.75,2.5,3.75,,4.75,,2,,2.5,,5,3.5999999,4.75,3.5999999,7.25,8,,,,,,,,,2,,,,,,,1.5,,7,,.5,8,8.7142859,.5,,8,2.5,,,,2025.1
2014,1,1,1,120,PP,,1.5,.69999999,2014,2.2,2,0,7.75,8.5,8.8000002,,,7.5,6.1999998,,,2.5,4.8000002,1.5,,7,,7,,6.5,,7,8.5,,7,,,,,2,,8.5,,,9,,,10,,9,,6,,7.5,,,,,8.5,,6,,,,3,4.666666507720947,,2,,2,,3,,,4,2,,,,,6.5,5.3333335,,,,21,7,3,2025.1
1999,2,1,1,201,SD,13320,35.9,35.200001,1998,16.5,5,1,3.857142925262451,3.428571462631226,,,,5,,,,5.142857074737549,4.583333,5,,,,,,,,,,,,,,,,,,,,,,,,,,,,,,,,,,,,,,,,,,4,3.714285612106323,,6.428571224212646,,,5.142857074737549,6.571428775787354,5.333333492279053,5.142857074737549,,,,,,,,,,,,,,2025.1
2002,2,1,1,201,SD,13320,29.1,29.1,2001,16.5,5,0,4,3.69,,,,4.38,,,,5.77,7.166667,5.0444446,,,,,,,,,,,,,,,,,,,,,,,,,,,,,,,,,,,,,,,,,,4.54,,5,6.09,,4.33,5.3,6.25,5.17,5.5,,,,,,,,,,,,,,2025.1
2006,2,1,1,201,SD,13320,25.8,26.299999,2005,32.59999847412109,5,0,4.11,3.63,,,,4.13,,,,5.78,4.0666666,3,,3,6.199999809265137,5,4,3.200000047683716,7.199999809265137,,6,4.800000190734863,3.599999904632568,3.25,,,,2,3.75,6.599999904632568,6.5,,6.5999999,,,5.25,5,5.75,6,2.329999923706055,2.75,,,,,,5.5,3,,,5,4.75,,4.13,,5,,,,5.14,,,5.83,3.88,,,,,,,,,,,,,2025.1
2010,2,1,1,201,SD,13320,25.5,25.1,2007,21.48999977111816,5,0,4.181818008422852,3.818181991577148,,,,5,,,,5.909090995788574,4.242424,3.2,,3,7.818181991577148,4.5,4.666666507720947,3.181818246841431,6.818181991577148,,5.5,5.400000095367432,3.799999952316284,4.111111164093018,,,,3.125,3.099999904632568,6.363636493682861,5.818181991577148,,6.181818,6.3636365,,,,5.545454502105713,5.909090995788574,3.636363744735718,3.363636255264282,4.3636365,4.818182,,,,5.625,3.375,3.8,5.6999998,,,1,5.666666507720947,,5.454545497894287,,,,5.25,,,5.599999904632568,4.699999809265137,,,,,,,,,,,,,2025.1
2014,2,1,1,201,SD,13320,24.5,24.6,2011,19.1,5,1,4.400000095367432,3.900000095367432,7.3333335,,,5.199999809265137,4.5555553,,,6,4.4545455,3.7272727,,4.099999904632568,,4.125,,3.25,,3.3,5.222222328186035,,2.900000095367432,,,,,2.666666746139526,,5.5,,,5.4000001,,,4.8000002,,5,,3.888888835906982,,4.2222223,,,,,5,,3.2222223,,,,1,5.714285850524902,,5.5,,5,,4.800000190734863,,,5.777777671813965,4.285714149475098,,,,,2.8,2.3,,,,13,14,17,2025.1
2019,2,1,1,201,SD,13320,25.9,27.4,2019,21.5,5,1,4,3.714285612106323,7.3571429,2.3333333,3.4444444,5,5.5,3,4.9000001,5.071428775787354,4.7142859,3.1111112,5.25,3,,4.153846263885498,,3.142857074737549,7.571428775787354,3.7692308,7,,3,,,,,1.888888835906982,,6.857142925262451,6.928571224212646,4.0714288,7.3076925,6.9230771,3.5384614,5.6666665,,6,,5.214285850524902,,4.7857141,6.0714288,,,4.2727275,5.3333335,,,,,,,,,5.5,,3,,4.222222328186035,,3.083333253860474,3.833333253860474,,,1,5.090909,3.2307692,2.7692308,1.6923077,6.9285712,,,,,,2025.1
2024,2,1,1,201,S,13320,27.54,50,2022,15.56999969482422,5,,4,4.090909004211426,7.7272725,3.75,5.3333335,4,4.2727275,4,5.3333335,5.818181991577148,5.2727275,1.25,5.1999998,3.5,,3.75,,3.599999904632568,6.666666507720947,,7,,,,3.5,3.5999999,1.6,1.333333373069763,,7.272727489471436,6.636363506317139,4.2222223,7.7777777,6.3333335,,7,,6,,4.75,,3.5999999,5.4000001,4,4.1666665,4.6666665,5,,,,,,,,,5,,,,,,,4.333333492279053,,1.5,,6,2.5,4.8333335,2.5999999,,6,1.6666666,,,,2025.1
1999,2,1,1,202,RV,13410,3.9,3.9000001,1998,9.100000381469727,3,1,5,5.285714149475098,,,,3.400000095367432,,,,5.571428775787354,5,2.8571427,,,,,,,,,,,,,,,,,,,,,,,,,,,,,,,,,,,,,,,,,,4.714285850524902,4.142857074737549,,5.714285850524902,,,5.285714149475098,6.571428775787354,5.5,5.142857074737549,,,,,,,,,,,,,,2025.1
2002,2,1,1,202,RV,13410,5.2,5,2001,9.100000381469727,3,0,5.08,5.31,,,,2.54,,,,5.77,7.4333334,2.8222222,,,,,,,,,,,,,,,,,,,,,,,,,,,,,,,,,,,,,,,,,,5,,5.08,5,,3.92,5,6.42,5.85,5,,,,,,,,,,,,,,2025.1
2006,2,1,1,202,RV,13410,9.199999999999999,9.5,2005,6.400000095367432,3,0,4.78,5.75,,,,2,,,,6.67,5.1999998,1.4400001,,6,7,7.400000095367432,6.400000095367432,5.800000190734863,4.800000190734863,,2.200000047683716,7.599999904632568,1.200000047683716,6,,,,1.600000023841858,4.25,2.400000095367432,8.75,,2.8,,,1.5,7,2.75,8,1.669999957084656,2.75,,,,,,4.5,3.25,,,4,6,,4.75,,6.25,,,,5.29,,,5.86,5.5,,,,,,,,,,,,,2025.1
2010,2,1,1,202,RV,13410,5.1,5,2007,4.269999980926514,3,0,5.181818008422852,6.363636493682861,,,,1.5,,,,6.818181991577148,6.9696965,1.1,,6.181818008422852,7.363636493682861,6.636363506317139,5,5.090909004211426,5.909090995788574,,2.5,7.5,1.899999976158142,7,,,,1.5,2.333333253860474,2.181818246841431,8.181818008422852,,2.090909,8.272727,,,,2.181818246841431,7.636363506317139,2.727272748947144,3.363636255264282,3,6.5999999,,,,4.625,4.125,4.0999999,5.9000001,,,1,6.111111164093018,,6.454545497894287,,,,5.5,,,5.400000095367432,5.727272510528564,,,,,,,,,,,,,2025.1
2014,2,1,1,202,RV,13410,9.4,9.5,2011,6.5,3,1,5.699999809265137,6.5,7.8888888,,,1.899999976158142,6.4444447,,,7,6.2727275,1.0909091,,6.099999904632568,,6,,5.25,,4.8888888,3.125,,1.200000047683716,,,,,1.777777791023254,,2.599999904632568,,,2.0999999,,,2,,3,,2.777777671813965,,3,,,,,3.8571429,,4,,,,1,6.285714149475098,,6.75,,5.8888888,,5.199999809265137,,,6.44444465637207,5.714285850524902,,,,,1.1,2.3,,,,13,2,11,2025.1
2019,2,1,1,202,RV,13410,8.6,9.1000004,2019,10.1,3,0,5.071428775787354,5.642857074737549,6,3.3333333,2.8888888,1.357142806053162,7.9285712,1,1.1,6.928571224212646,7.1428571,1.1111112,1.75,5.153846263885498,,5.461538314819336,,5.142857074737549,5.642857074737549,5.3846154,2.357142925262451,,1.142857193946838,,,,,1.333333373069763,,2,8.285714149475098,1.3571428,2.6923077,7.9230771,1.5384616,1.3076923,,2.461538553237915,,2.214285612106323,,3.6428571,7.5714288,,,2.3636363,5.25,,,,,,,,,6.5,,5,,5.111111164093018,,6,5.5,,,.84615386,3.4545455,3.1538463,2,1.6923077,7.0714288,,,,,,2025.1
2024,2,1,1,202,RV,13410,3.79,7,2022,7.079999923706055,3,,4.909090995788574,5.545454502105713,6.2727275,4,2.6666667,1.727272748947144,6.3636365,.66666669,1.6666666,7,7.090909,1,1.3333334,5.666666507720947,,5.25,,5.5,5.111111164093018,,4.5,,,,2.3333333,1.4,1.4,1,,3,6.272727489471436,2.2222223,3.2222223,6.2222223,,2,,3,,4.25,,1.8,7.4000001,2.8333333,7.8333335,2.8333333,5.75,,,,,,,,,6.25,,,,,,,6,,3,,1,3,1.6666666,2.5999999,,4.8333335,1,,,,2025.1
1999,2,1,1,203,KF,13620,8.9,8.8999996,1998,8.5,2,0,7.142857074737549,7.285714149475098,,,,6,,,,6,5.416667,2.8571427,,,,,,,,,,,,,,,,,,,,,,,,,,,,,,,,,,,,,,,,,,4.857142925262451,4.5,,4.833333492279053,,,5.142857074737549,6,5.666666507720947,5.857142925262451,,,,,,,,,,,,,,2025.1
2002,2,1,1,203,KF,13620,9.1,8.8999996,2001,8.5,2,1,7,6.85,,,,7.23,,,,5.54,6.6666665,2.2222223,,,,,,,,,,,,,,,,,,,,,,,,,,,,,,,,,,,,,,,,,,4.46,,5.33,4.27,,4.83,4.3,4.83,4.75,5.5,,,,,,,,,,,,,,2025.1
2006,2,1,1,203,KF,13620,10.3,10.1,2005,11.30000019073486,2,1,7.11,7.5,,,,6.75,,,,6.22,4.4333329,1.67,,6.800000190734863,7.199999809265137,7.599999904632568,6.599999904632568,7,5.199999809265137,,8,6.800000190734863,5.199999809265137,4.5,,,,3.200000047683716,4.25,7.599999904632568,7.5,,8,,,6.75,6,6,6.5,3.329999923706055,1.25,,,,,,6.25,2.25,,,7.25,4.75,,4.25,,6.63,,,,5,,,5.86,3.75,,,,,,,,,,,,,2025.1
2010,2,1,1,203,KF,13620,10.4,10.1,2007,12.6899995803833,2,1,7.545454978942871,7.818181991577148,,,,6.699999809265137,,,,5.909090995788574,3.3333333,2.5,,8.090909004211426,8.363636016845703,7.5,5.222222328186035,6.454545497894287,5.909090995788574,,8.300000190734863,7.300000190734863,6,5,,,,4.25,4.599999904632568,7.727272510528564,6.727272510528564,,7.4545455,6.7272725,,,,6.900000095367432,6.363636493682861,3.454545497894287,3.299999952316284,6.818182,4.5,,,,5.625,3.125,3,6.5999999,,,1.1818181,5.55555534362793,,6.454545497894287,,,,5.25,,,4.900000095367432,3.777777671813965,,,,,,,,,,,,,2025.1
2014,2,1,1,203,KF,13620,4.9,4.5,2011,9.1,2,0,7,7.599999904632568,7.625,,,7.199999809265137,4.8888888,,,5.5,4.090909,3.875,,7.5,,6.625,,6.75,,6.3000002,7.222222328186035,,5.300000190734863,,,,,5.666666507720947,,7.099999904632568,,,7.3000002,,,7.0999999,,6.375,,5.222222328186035,,6.6666665,,,,,4.6666665,,2,,,,1.1,4.714285850524902,,6.428571224212646,,4.7142859,,4.5,,,5.571428775787354,3.666666746139526,,,,,2.5,2.0999999,,,,13,12,42,2025.1
2019,2,1,1,203,KF,13620,6.6,6.9000001,2019,6.2,2,0,7.071428775787354,7.571428775787354,7.3571429,1.6666666,2.2222223,6.071428775787354,5.6428571,2.3333333,2.7,5.714285850524902,4.7142859,3.3333333,3.25,7.07692289352417,,6.846153736114502,,7.214285850524902,6.642857074737549,6.3076925,7.357142925262451,,4.142857074737549,,,,,3.777777671813965,,7.5,6.357142925262451,2.4285715,7.3846154,6.1538463,2.7692308,6.3333335,,6.230769157409668,,4.571428775787354,,5.5,5.9285712,,,3,4.75,,,,,,,,,6.25,,3.5,,4.333333492279053,,3.25,4,,,1.0769231,4.4545455,3.0769231,2.1538463,1.5384616,7.2857141,,,,,,2025.1
2024,2,1,1,203,DKF,13620,5.51,10,2022,8.840000152587891,2,,7,7,7.3636365,2.625,2.6666667,5.909090995788574,4.7272725,1.3333334,3.1666667,5.545454502105713,4.7272725,1.25,3.5999999,7,,5.75,,7,5.111111164093018,,7.25,,,,5.1666665,5.5999999,2.25,2,,7.181818008422852,5.636363506317139,2.7777777,7.3333335,5.7777777,,7.3333335,,6,,4.75,,5.1999998,5.4000001,4.6666665,5.5,2.8333333,5.75,,,,,,,,,6.25,,,,,,,4.333333492279053,,.75,,4,3.25,2.5,2.5999999,,5.3333335,1.3333334,,,,2025.1
1999,2,1,1,204,CD,13330,4.3,4.5,1998,3.5,3,0,5.571428775787354,5.285714149475098,,,,6.199999809265137,,,,7,6.4285712,.35714298,,,,,,,,,,,,,,,,,,,,,,,,,,,,,,,,,,,,,,,,,,6.714285850524902,5.714285850524902,,6,,,6.142857074737549,6.571428775787354,5.833333492279053,5.857142925262451,,,,,,,,,,,,,,2025.1
1999,2,1,1,206,SF,13230,7.6,7.3000002,1998,7.099999904632568,6,0,2.285714387893677,2.142857074737549,,,,2.599999904632568,,,,2.571428537368774,6.0714288,4.6428576,,,,,,,,,,,,,,,,,,,,,,,,,,,,,,,,,,,,,,,,,,2.428571462631226,2.285714387893677,,4.166666507720947,,,3.714285612106323,5.428571224212646,3.666666746139526,2.571428537368774,,,,,,,,,,,,,,2025.1
2002,2,1,1,206,SF,13230,6.4,6.6999998,2001,7.099999904632568,6,0,2.31,2,,,,2.15,,,,2.92,6.9333329,4.6999998,,,,,,,,,,,,,,,,,,,,,,,,,,,,,,,,,,,,,,,,,,3.15,,2.54,3.82,,2.83,4.2,6,5.33,2.67,,,,,,,,,,,,,,2025.1
2006,2,1,1,206,SF,13230,6,6.0999999,2005,7.900000095367432,6,0,2.33,2.25,,,,2.13,,,,3.78,4.4333329,4.1100001,,1.799999952316284,6.199999809265137,3.400000095367432,4,2.400000095367432,7.800000190734863,,2.200000047683716,6.800000190734863,1.399999976158142,6,,,,1.399999976158142,4.239999771118164,2,7.75,,2.8,,,3.75,4.25,2.75,7.25,3.670000076293945,1.25,,,,,,4.5,4.5,,,1.75,7.5,,3.88,,3.38,,,,4.29,,,3.71,4.63,,,,,,,,,,,,,2025.1
2010,2,1,1,206,SF,13230,13,12.8,2007,15.86999988555908,6,0,2.818181753158569,2.272727251052856,,,,2.400000095367432,,,,4.545454502105713,3.6363633,5.6999998,,2,7.636363506317139,2.909090995788574,4.777777671813965,2.727272748947144,7.272727489471436,,3.099999904632568,6.400000095367432,2.099999904632568,6.099999904632568,,,,1.625,2.777777671813965,3.727272748947144,6.818181991577148,,3.090909,7.181818,,,,2.545454502105713,7.272727489471436,3.181818246841431,3.090909004211426,2.1818182,7.4545455,,,,4.5,4.625,5.4000001,5.8000002,,,1.5454545,5.375,,3.727272748947144,,,,5,,,3.5,4.900000095367432,,,,,,,,,,,,,2025.1
2014,2,1,1,206,SF,13230,9.1,8.8999996,2011,11,6,.5,2.900000095367432,2.299999952316284,6.2222223,,,3.099999904632568,5.1111112,,,4.636363506317139,4.3636365,5,,2.099999904632568,,2.25,,2,,1.6,3.111111164093018,,1.600000023841858,,,,,1.444444417953491,,2.799999952316284,,,2.8,,,3.2,,3.125,,3.555555582046509,,1.7777778,,,,,4.2857141,,6,,,,1.4545455,5.428571224212646,,4.25,,3,,3.799999952316284,,,3.625,4.333333492279053,,,,,2.9000001,2.4000001,,,,14,13,6,2025.1
2019,2,1,1,206,SF,13230,7.7,8,2019,13.2,7,0,2.642857074737549,2.5,6.1428571,1.6666666,2.3333333,2.571428537368774,5.5714288,1.6666666,3,5.142857074737549,4.5714288,3.8888888,3.75,1.769230723381042,,2.769230842590332,,2.071428537368774,7.5,3.25,3.428571462631226,,1.571428537368774,,,,,1.666666626930237,,4.285714149475098,4.928571224212646,3,4.6923075,5.6923075,2.6923077,3.5,,3.307692289352417,,3.428571462631226,,3.3571429,7.7142859,,,4.7272725,5.0833335,,,,,,,,,4.666666507720947,,3,,4.55555534362793,,4.090909004211426,3.333333253860474,,,.92307693,3,3.6153846,2.4615386,1.6153846,4.8571429,,,,,,2025.1
2024,2,1,1,206,SF,13230,8.289999999999999,15,2022,17.42000007629395,7,,2.727272748947144,2.727272748947144,6.909091,2.5,2.3333333,3,4.4545455,1.3333334,3.3333333,5.545454502105713,4.7272725,1.25,4.5,2.166666746139526,,2.5,,2.5,7.222222328186035,,5.25,,,,2,2,1.6,1,,4.636363506317139,4.818181991577148,2.5555556,4.7777777,5.3333335,,5.5,,3.5,,4.5,,2.2,7.1999998,3.3333333,7.5,5.5,5.5,,,,,,,,,4.25,,,,,,,4.666666507720947,,2.75,,3,3.25,3.5,2.5999999,,4,1,,,,2025.1
1999,2,1,1,210,KRF,13520,2.4,2.2,1998,2,10,0,5.428571224212646,5.714285850524902,,,,5.400000095367432,,,,4.714285850524902,3.9285712,3.9285712,,,,,,,,,,,,,,,,,,,,,,,,,,,,,,,,,,,,,,,,,,4,3.142857074737549,,4.666666507720947,,,5,6,5.166666507720947,4.714285850524902,,,,,,,,,,,,,,2025.1
1999,2,1,1,211,V,13420,24,23.5,1998,23.39999961853027,3,0,7.142857074737549,7.714285850524902,,,,5.599999904632568,,,,7,7.1428576,1.4285713,,,,,,,,,,,,,,,,,,,,,,,,,,,,,,,,,,,,,,,,,,6.142857074737549,5.285714149475098,,4.833333492279053,,,5.571428775787354,6.142857074737549,5.833333492279053,6.428571224212646,,,,,,,,,,,,,,2025.1
2002,2,1,1,211,V,13420,31.3,31.200001,2001,23.39999961853027,3,1,7.38,7.85,,,,4.85,,,,6.62,9.2333336,2.2222223,,,,,,,,,,,,,,,,,,,,,,,,,,,,,,,,,,,,,,,,,,5,,6,4.64,,5.31,5,5.08,5.15,6.25,,,,,,,,,,,,,,2025.1
2006,2,1,1,211,V,13420,29,29.1,2005,19.39999961853027,3,1,7.22,6.63,,,,4.88,,,,6.11,4.4333329,1.67,,4.800000190734863,6.599999904632568,7.599999904632568,5.800000190734863,5.800000190734863,4.800000190734863,,6,5.400000095367432,2.799999952316284,4,,,,2,4.239999771118164,7.599999904632568,7.75,,6.8000002,,,5.25,4.25,5.5,6.5,4.75,3.25,,,,,,4.5,4.5,,,7.25,4.75,,4.13,,6.5,,,,5.29,,,5.43,3.75,,,,,,,,,,,,,2025.1
2010,2,1,1,211,V,13420,26.2,25.700001,2007,20.23999977111816,3,1,7,7.090909004211426,,,,5.900000095367432,,,,6.090909004211426,3.6363633,2.4444444,,6.363636493682861,7.363636493682861,6.900000095367432,5.111111164093018,5.909090995788574,5.181818008422852,,7.400000095367432,6.099999904632568,3.900000095367432,4.666666507720947,,,,2.875,3.299999952316284,7.727272510528564,6.909090995788574,,7,7,,,,6.545454502105713,6.363636493682861,6.727272510528564,5.545454502105713,6.6363635,3.909091,,,,5.25,4.5,3,6.5999999,,,1,5.44444465637207,,6.818181991577148,,,,6,,,5.599999904632568,4.666666507720947,,,,,,,,,,,,,2025.1
2014,2,1,1,211,V,13420,26.4,26.299999,2011,16.7,3,0,7,7.300000190734863,8,,,5.699999809265137,5.1111112,,,5.818181991577148,5.090909,3.0999999,,7.400000095367432,,7.25,,7,,6.4000001,7,,3.599999904632568,,,,,3.222222328186035,,7.699999809265137,,,7.0999999,,,6.5,,6.875,,7.222222328186035,,7.2222223,,,,,3.4285715,,1.6666666,,,,1.0909091,5.142857074737549,,6.25,,4.7777777,,5.400000095367432,,,5.888888835906982,3.285714387893677,,,,,2.8,2.0999999,,,,13,9,34,2025.1
2019,2,1,1,211,v,13420,23.4,24.6,2019,23.5,3,0,6.642857074737549,6.857142925262451,6.7142859,2.6666667,4.1111112,5.357142925262451,5.5,6,3.9000001,5.785714149475098,5.2142859,4.3333335,3.75,6.384615421295166,,6.615384578704834,,6.5,6.428571224212646,6,6.785714149475098,,3.285714387893677,,,,,2.777777671813965,,7.5,7.071428775787354,5.4285712,7.3076925,7,4.8461537,5.1666665,,6.461538314819336,,7.285714149475098,,6.1428571,4.6428571,,,2.909091,3.8333333,,,,,,,,,6.416666507720947,,3.8333333,,5,,3.25,4.333333492279053,,,.92307693,5.6363635,3.2307692,2.5384614,1.5384616,6.7857141,,,,,,2025.1
2024,2,1,1,211,V,13420,13.31,23,2022,14.72000026702881,3,,6.636363506317139,6.545454502105713,7.6363635,3.75,4,4.636363506317139,3.909091,3,4.5,6,5.2727275,1.75,4,6.666666507720947,,4.75,,6.199999809265137,4.888888835906982,,6.75,,,,4.5,4,1.6,1.333333373069763,,7.090909004211426,6.181818008422852,3.7777777,7.4444447,5.7777777,,6.6666665,,6.5,,5.75,,5.8000002,5,5.1666665,4.3333335,3.5,4.25,,,,,,,,,6,,,,,,,5,,1.75,,5,2.5,4,2.5999999,,5.8333335,1.6666666,,,,2025.1
1999,2,1,1,212,FP,13951,2.4,2.2,1998,.699999988079071,1,0,9.285714149475098,8.857142448425293,,,,7.599999904632568,,,,1.428571462631226,6.0714288,.35714298,,,,,,,,,,,,,,,,,,,,,,,,,,,,,,,,,,,,,,,,,,1.857142806053162,1.285714268684387,,1.714285731315613,,,2,1.714285731315613,1.333333373069763,1.285714268684387,,,,,,,,,,,,,,2025.1
1999,2,1,1,213,EL,13229,2.70000004768372,2.8,1998,,6,0,1,1,,,,2.333333253860474,,,,1.142857193946838,6.7857141,0,,,,,,,,,,,,,,,,,,,,,,,,,,,,,,,,,,,,,,,,,,1.571428537368774,1,,2.333333253860474,,,1.833333373069763,3,2.5,1.142857193946838,,,,,,,,,,,,,,2025.1
2006,2,1,1,213,EL,13229,3.4,3.4000001,2005,,6,0,1,1.13,,,,1.63,,,,2.11,5.5666671,2.22,,1,5.800000190734863,1.799999952316284,3.200000047683716,.6000000238418579,8.600000381469727,,1.600000023841858,7,1,6.25,,,,2,4.5,1,7.75,,1.4,,,3.5,4.75,2.25,7.75,2,1.25,,,,,,4.5,4.75,,,.75,8.25,,2.38,,2.13,,,,3.43,,,2.29,4.5,,,,,,,,,,,,,2025.1
2010,2,1,1,213,EL,13229,2.2,2.2,2007,,6,0,1,.8181818723678589,,,,1.700000047683716,,,,1.727272748947144,5.454546,1.5,,.7272727489471436,7.272727489471436,1.363636374473572,5.199999809265137,1.909090876579285,8.363636016845703,,1.600000023841858,7,1.799999952316284,6.599999904632568,,,,1.444444417953491,2,1.272727251052856,7.727272510528564,,1.4545455,7.5454545,,,,1.272727251052856,7.909090995788574,2.799999952316284,2.5,.90909094,8.363636,,,,3.5714285,4.375,7.0999999,6.4000001,,,2.909091,3.125,,2.454545497894287,,,,4.25,,,2,3.875,,,,,,,,,,,,,2025.1
2014,2,1,1,213,EL,13229,6.6,6.6999998,2011,,6,0,1.200000047683716,1,6.4444447,,,2.099999904632568,5.7777777,,,1.818181872367859,6.2727275,1.8181819,,.6000000238418579,,1,,.5,,.60000002,1.555555582046509,,1,,,,,.6666666865348816,,1.600000023841858,,,1.5,,,2.5999999,,1.375,,2.888888835906982,,.77777779,,,,,5.4285712,,7.7777777,,,,2.7272727,3.625,,2.111111164093018,,1.5555556,,3,,,1.777777791023254,4.166666507720947,,,,,5.9000001,3.4000001,,,,14,13,17,2025.1
2019,2,1,1,213,EL,13229,6.9,7.4000001,2019,5.5,6,0,1,1,7.3571429,1,.8888889,1.071428537368774,7.1428571,1.6666666,1.6,2.428571462631226,5.7692308,4,1.75,.5384615659713745,,1.461538434028625,,.6428571343421936,9.142857551574707,1.5384616,2.142857074737549,,.8571428656578064,,,,,.6666666865348816,,2.428571462631226,6.285714149475098,1.6428572,2.5384614,6.2307692,2.0769231,2.6666667,,2,,2.357142925262451,,3,8.2857141,,,6.181818,5.090909,,,,,,,,,2.75,,1.75,,3.125,,3.833333253860474,1.833333373069763,,,.92307693,2.7272727,4.9230771,4.1538463,1.6153846,3.8571429,,,,,,2025.1
2024,2,1,1,213,EL,13229,5.16,9,2022,7.039999961853027,6,,1.272727251052856,1.363636374473572,6.909091,2.5,1.3333334,1.909090876579285,5.6363635,.66666669,1.5,3.090909004211426,4.4545455,4.5,3.4000001,1.166666626930237,,2.5,,1.100000023841858,8.111110687255859,,3.25,,,,1.3333334,.80000001,1.4,.6666666865348816,,3,5.454545497894287,2,2.8888888,5.7777777,,3.5,,2.333333253860474,,4.25,,1.4,7.8000002,2.1666667,8.333333,6.1666665,5.5,,,,,,,,,3,,,,,,,1.333333373069763,,6,,1,4.75,5,2.8,,3.3333333,1,,,,2025.1
1999,2,1,1,215,DF,13720,7.4,7.3000002,1998,5.800000190734863,1,0,8.857142448425293,7.285714149475098,,,,8,,,,1.428571462631226,6.4285712,0,,,,,,,,,,,,,,,,,,,,,,,,,,,,,,,,,,,,,,,,,,1.571428537368774,1.142857193946838,,1.666666626930237,,,1.428571462631226,1.571428537368774,1.333333373069763,1.285714268684387,,,,,,,,,,,,,,2025.1
2002,2,1,1,215,DF,13720,12.4,12.3,2001,5.800000190734863,1,0,8.85,6.08,,,,8.92,,,,1.62,6.6666665,1.5777779,,,,,,,,,,,,,,,,,,,,,,,,,,,,,,,,,,,,,,,,,,1.46,,2.69,1.9,,3.92,2,3.67,1.331,2.08,,,,,,,,,,,,,,2025.1
2006,2,1,1,215,DF,13720,13.2,13.4,2005,6.800000190734863,1,0,7.67,4.75,,,,7.63,,,,2.33,5.1999998,1.67,,3.400000095367432,6.199999809265137,5.800000190734863,3.599999904632568,3.799999952316284,6.199999809265137,,8.800000190734863,7.400000095367432,6.400000095367432,5.25,,,,4.800000190734863,5.75,9.199999809265137,9.75,,9.6000004,,,9.25,7.75,8,9.25,4.329999923706055,1.25,,,,,,6.5,2,,,6.75,4.5,,2.25,,3,,,,2.71,,,2.29,1.75,,,,,,,,,,,,,2025.1
2010,2,1,1,215,DF,13720,13.9,14,2007,15.27999973297119,1,0,7.818181991577148,5.454545497894287,,,,9.399999618530273,,,,2.363636255264282,6.6666665,.89999998,,5.090909004211426,5.727272510528564,5.333333492279053,3.777777671813965,4.363636493682861,5.545454502105713,,9.399999618530273,8.5,6.666666507720947,6,,,,4.375,6.099999904632568,9.636363983154297,9.636363983154297,,9.545455,9.363636,,,,9,8.818181991577148,5.800000190734863,4.300000190734863,7.3636365,3.1818182,,,,5.625,3.125,4.3000002,4.9000001,,,2.4545455,3,,3.636363744735718,,,,4.75,,,2.444444417953491,1,,,,,,,,,,,,,2025.1
2014,2,1,1,215,DF,13720,12.2,12.3,2011,26.6,1,0,6.900000095367432,4.5,4.8888888,,,8.399999618530273,7.2222223,,,1.909090876579285,7.2727275,1.0909091,,4,,4.5,,3.625,,4.5999999,8.55555534362793,,6.199999809265137,,,,,4.777777671813965,,9.699999809265137,,,9.5,,,9.1111107,,8,,6.55555534362793,,6.8888888,,,,,5,,3.7777777,,,,2.8181818,3.25,,3.666666746139526,,1.5555556,,2.799999952316284,,,1.888888835906982,1.111111164093018,,,,,6.9000001,2.4444444,,,,9,13,8,2025.1
2019,2,1,1,215,DF,13720,8.699999999999999,9.1000004,2019,10.8,1,0,6.928571224212646,4.428571224212646,4.1428571,6,4.6666665,8,7.9285712,1.3333334,.60000002,2,6.7857141,1.4444444,1.75,4.153846263885498,,5,,4.357142925262451,5,4.9166665,8.928571701049805,,5.428571224212646,,,,,5,,9,9.5,1.1428572,9.2307692,8.6153851,1.0769231,9.2307692,,9.230769157409668,,7.714285850524902,,6.7857141,2.2142856,,,6.2727275,4.5833335,,,,,,,,,3.083333253860474,,1.3333334,,2.888888835906982,,1.166666626930237,1.583333373069763,,,1.0769231,7.909091,5.7692308,5.6923075,1.6923077,9.3571424,,,,,,2025.1
2024,2,1,1,215,DF,13720,2.63,5,2022,6.369999885559082,1,,8,5.545454502105713,4.909091,3.25,3,7.636363506317139,7.2727275,1,1.4285715,1.909090876579285,6.909091,1.25,.83333331,5.166666507720947,,6,,5.599999904632568,4.888888835906982,,8.25,,,,6.1666665,7,3,2,,9,8.909090995788574,1,9.333333,8.7777777,,8.833333,,9,,6.25,,7,3.4000001,7.1666665,4,5,4.25,,,,,,,,,3,,,,,,,1.333333373069763,,4.5,,10,5,7,2.5999999,,5,2.6666667,,,,2025.1
1999,2,1,1,216,JuniB,,,,1998,16.10000038146973,9,0,2,2,,,,3,,,,1.428571462631226,7.5,0,,,,,,,,,,,,,,,,,,,,,,,,,,,,,,,,,,,,,,,,,,1.714285731315613,1,,1.285714268684387,,,1.714285731315613,2.285714387893677,1.833333373069763,1.142857193946838,,,,,,,,,,,,,,2025.1
2006,2,1,1,216,JuniB,,,,2005,9.100000381469727,9,0,3.17,2.83,,,,4.75,,,,1.22,10,.67000002,,3.5,3,3.75,2.5,3.5,3,,3.25,2.25,4,2.75,,,,3,2.75,4,2.75,,3.75,,,6.25,7.75,4.75,3.5,4,1.25,,,,,,4.25,3.25,,,4,4,,2.13,,2.14,,,,2.86,,,1.57,3.29,,,,,,,,,,,,,2025.1
1999,2,1,1,217,FolkB,,,,1998,7.300000190734863,9,0,1,1,,,,3,,,,1,7.5,0,,,,,,,,,,,,,,,,,,,,,,,,,,,,,,,,,,,,,,,,,,1,1,,1.285714268684387,,,1.285714268684387,2.142857074737549,1.833333373069763,1,,,,,,,,,,,,,,2025.1
2006,2,1,1,217,FolkB,,,,2005,5.199999809265137,9,0,2.67,2.67,,,,4.75,,,,1.11,10,.77999997,,3.5,3,3.75,2.5,3.5,3,,3.25,2.25,4,2.75,,,,3,2.75,4,2.75,,3.75,,,6.5,7.25,4.75,3.5,4,1.25,,,,,,4.25,3.25,,,4,4,,2.63,,2,,,,2.86,,,1.57,3.13,,,,,,,,,,,,,2025.1
2010,2,1,1,217,FolkB,,,,2007,7.199999809265137,9,0,2.666666746139526,3.25,,,,4.666666507720947,,,,1.333333373069763,9.333333,1,,4,2.25,2.666666746139526,2.5,2.5,4.666666507720947,,4,3,2,2,,,,3,.6666666865348816,4,2.5,,5,2.5,,,,5,2.5,5,2,4,3,,,,5,3,5,4,,,3,3,,2.25,,,,2.666666746139526,,,1.375,2.599999904632568,,,,,,,,,,,,,2025.1
2014,2,1,1,217,FolkB,,,,2011,8.1,9,0,2,1.333333373069763,4.7142859,,,2.75,8.125,,,1.090909123420715,9.727273,.2,,3.5,,2.25,,2,,1.25,1.5,,1.333333373069763,,,,,1.5,,1.5,,,2,,,7.6666665,,1.5,,5,,1.5,,,,,4,,9.333333,,,,2.909091,3.5,,1.875,,1.25,,2,,,1.222222208976746,3.166666746139526,,,,,8,2.25,,,,8,47,12,2025.1
2010,2,1,1,218,LA,13001,2.8,2.8,2007,.5899999737739563,3,0,8.199999809265137,9.181818008422852,,,,3.111111164093018,,,,6.125,3.75,1.8,,9.363636016845703,9,9.090909004211426,8,7.636363506317139,6.727272510528564,,3.714285612106323,5,2.125,5.125,,,,2.333333253860474,3,4,5.199999809265137,,3.5555556,5.9000001,,,,3.875,4.777777671813965,2.777777671813965,2.700000047683716,7,3.0999999,,,,5.1428571,3.4285715,3.75,3.75,,,1.8181819,5.5,,6.875,,,,4.333333492279053,,,4.833333492279053,5,,,,,,,,,,,,,2025.1
2014,2,1,1,218,LA,13001,4.9,5,2011,2.9,3,0,7.900000095367432,9.100000381469727,8.333333,,,2.555555582046509,5.3333335,,,3.799999952316284,4.2727275,1.8571428,,9.333333015441895,,9.111110687255859,,8.25,,8.6000004,5.142857074737549,,1.5,,,,,1.222222208976746,,4.099999904632568,,,4.8888888,,,4.5555553,,5.125,,2.625,,7.75,,,,,3,,4.3333335,,,,1.8888888,4.142857074737549,,6.125,,3.3333333,,3.599999904632568,,,3.714285612106323,3.5,,,,,3.125,2.0999999,,,,13,5,17,2025.1
2019,2,1,1,218,LA,13001,2.3,2.3,2019,2.2,3,0,8,8.714285850524902,8.4285717,1,.8888889,3.857142925262451,4.4285712,5.3333335,3.9000001,4.071428775787354,3.6428571,3.875,5,9.384614944458008,,8.461538314819336,,9.071428298950195,7.928571224212646,8.3076925,4.357142925262451,,2.642857074737549,,,,,1.5,,6.285714149475098,4.571428775787354,4.7857141,5.6923075,4.6923075,4.6923075,4.1666665,,5.307692527770996,,3.928571462631226,,6.7857141,2.3571429,,,1.1818181,5.4000001,,,,,,,,,5.833333492279053,,2.2727273,,2.777777671813965,,3.090909004211426,2.545454502105713,,,.76923078,3.3636363,4.5,3.5384614,1.6153846,8.5714283,,,,,,2025.1
2024,2,1,1,218,LA,13001,7.87,14,2022,6.949999809265137,3,,7.818181991577148,8.363636016845703,7.818182,2,2,4.545454502105713,5,1.6666666,2.6666667,4.636363506317139,4,2.5,4.4000001,9,,7.25,,8.5,6.222222328186035,,4.5,,,,5.1666665,3.5999999,1.6,1.333333373069763,,6.545454502105713,5,2.6666667,5.6666665,4.8888888,,5.1666665,,6.333333492279053,,5,,6.1999998,3.2,6.6666665,3.5,1.5,5.25,,,,,,,,,6.25,,,,,,,3.333333253860474,,2.25,,4,4,5.1666665,2.5999999,,4.1999998,1.3333334,,,,2025.1
2019,2,1,1,219,A,,3,2.9000001,2019,3.4,7,0,2.5,3.214285612106323,3.4285715,3,4.2222223,.9285714030265808,7.8571429,.66666669,.80000001,5.384615421295166,4.2857141,2.5714285,3.5,3,,2.909090995788574,,2.846153736114502,4.142857074737549,3.4166667,2.538461446762085,,.5714285969734192,,,,,.875,,2,5.571428775787354,2,2,5.6153846,2.1666667,1.4615384,,2.230769157409668,,2.642857074737549,,2.1428571,9.6428576,,,3.625,4.1111112,,,,,,,,,4.199999809265137,,4.1428571,,4.375,,5,3.75,,,.76923078,2.5454545,6.4615383,4.9230771,1.7692307,4.0769229,,,,,,2025.1
2024,2,1,1,219,ALT,,3.33,6,2022,2.660000085830688,7,,2,2.363636255264282,3.6363637,4.6666665,2,1.727272748947144,6.6363635,.33333334,1.6666666,5.181818008422852,4.2727275,2.5,4,2.166666746139526,,3.25,,2.299999952316284,6.111111164093018,,2.75,,,,2,.40000001,1.4,1,,3.272727251052856,5.272727489471436,2.1111112,2.5555556,5.6666665,,2,,1.666666626930237,,5,,.80000001,8.8000002,2.1666667,8.666667,5.1999998,2.5,,,,,,,,,4.25,,,,,,,3.5,,4.5,,1,5.5,4.6666665,2.5999999,,2.5,1,,,,2025.1
2019,2,1,1,220,NB,,2.4,2.3,2019,,1,0,9,8.571428298950195,5.7142859,2,2.8888888,8.307692527770996,7.5833335,1,2.4000001,1.785714268684387,4.7142859,2,1.75,9,,8.230769157409668,,8.785714149475098,6.5,8.2307692,8.833333015441895,,6.181818008422852,,,,,4.777777671813965,,9.642857551574707,9.785714149475098,.64285713,9.6923075,8.8461542,.76923078,9.166667,,9.461538314819336,,5.272727489471436,,6.7692308,1.8571428,,,3.4444444,4.5,,,,,,,,,3.700000047683716,,1.3,,2.333333253860474,,1.090909123420715,1.5,,,.84615386,8.818182,5.4000001,6.4166665,1.6923077,9.2142859,,,,,,2025.1
2024,2,1,1,220,NB,,3.66,6,2022,,1,,8.818181991577148,7.909090995788574,4.818182,5,1.6666666,7.181818008422852,5.909091,1.6666666,2.1666667,2.545454502105713,4.909091,3.75,2.2,8,,6.75,,8,5.55555534362793,,8.333333015441895,,,,7.1999998,6.8000002,3.25,1,,9.090909004211426,8.363636016845703,1.4444444,9.1111107,8.5555553,,8.833333,,9,,5.666666507720947,,6.5999999,3.8,7.6666665,3.1666667,3.75,5.3333335,,,,,,,,,4,,,,,,,1.666666626930237,,3.75,,10,4.75,8.6000004,2.5999999,,5.5,2,,,,2025.1
2024,2,1,1,221,M,,9.27,16,2022,5.949999809265137,3,,5.545454502105713,5.636363506317139,6.909091,3.625,4,3.818181753158569,3.909091,1.3333334,3.5,6.363636493682861,5.6363635,1.25,3,5.5,,4.75,,5.800000190734863,4.375,,6.5,,,,4.3333335,4,1.6,1.333333373069763,,5.818181991577148,5.545454502105713,3.3333333,6.5555553,4.8888888,,4.6666665,,5.5,,4.5,,4.75,5,4.6666665,4.6666665,3.5,6.25,,,,,,,,,6,,,,,,,5.333333492279053,,1.75,,4,2.25,2,2.5999999,,6,1.3333334,,,,2025.1
2024,2,1,1,222,DD,,8.08,14,2022,7.389999866485596,1,,7.545454502105713,6.727272510528564,4.6363635,3,4.6666665,6.545454502105713,6.090909,1.3333334,1.8333334,3.181818246841431,5.2727275,2,3.2,5.666666507720947,,5.75,,5.599999904632568,4.666666507720947,,8,,,,5.3333335,6.8000002,2.4000001,1.333333373069763,,8.727272987365723,8.181818008422852,1.5555556,9,8.1111107,,8.833333,,8.666666984558105,,7,,7.8000002,6.8000002,7.3333335,4,5.1666665,2.75,,,,,,,,,3.75,,,,,,,2,,3.6666667,,8,5.25,9,2.5999999,,4.8333335,2.3333333,,,,2025.1
1999,3,1,1,301,CDU,41521,28.4,29.6,1998,39.29999923706055,4,0,5.866666793823242,5.666666507720947,,,,6.333333492279053,,,,6.733333110809326,6.25,1.7857144,,,,,,,,,,,,,,,,,,,,,,,,,,,,,,,,,,,,,,,,,,6.433333396911621,5.766666889190674,,4.533333301544189,,,4.961538314819336,5.928571224212646,5.699999809265137,6.566666603088379,,,,,,,,,,,,,,2025.1
2002,3,1,1,301,CDU,41521,29.5,31.5,2002,39.29999923706055,4,0,5.93,5.86,,,,6.64,,,,6.64,8.333333,2.8222222,,,,,,,,,,,,,,,,,,,,,,,,,,,,,,,,,,,,,,,,,,5.36,,5.85,4.92,,4.93,5.1,5.25,5.85,6.43,,,,,,,,,,,,,,2025.1
2006,3,1,1,301,CDU,41521,27.8,29.299999,2005,36.5,4,1,6.36,6.82,,,,6.91,,,,6.36,6.6666665,1.9,,5.630000114440918,7.130000114440918,6.380000114440918,6.630000114440918,5.139999866485596,4.860000133514404,,7.429999828338623,7.139999866485596,6.170000076293945,4.670000076293945,,,,6.710000038146973,5.570000171661377,7.710000038146973,6.860000133514404,,8.1400003,,,6.29,4,5.429999828338623,5.289999961853027,6,3.859999895095825,,,,,,4.8600001,4.29,,,6.3299999,5,,5.67,,6.18,,,,5.67,,,6.44,2.36,,,,,,,,,,,,,2025.1
2010,3,1,1,301,CDU,41521,27.3,31.200001,2009,30.70000076293945,4,1,6.125,6,,,,6.25,,,,6,8.0392151,3.4117646,,5.133333206176758,6.266666889190674,5.533333301544189,5.333333492279053,5.333333492279053,5.133333206176758,,6.466666698455811,5.933333396911621,5.133333206176758,4.800000190734863,,,,6.666666507720947,6.733333110809326,6.666666507720947,6.933333396911621,,7.3333335,6.3571429,,,,6.214285850524902,4,6,4.666666507720947,6,5.4666667,,,,4.2857141,3.2857144,2.8,5.8000002,,,1,5.857142925262451,,6.133333206176758,,,,4.75,,,5.92307710647583,2.4375,,,,,,,,,,,,,2025.1
2014,3,1,1,301,CDU,41521,34.1,40.400002,2013,30,4,1,5.92307710647583,5.916666507720947,8.4615383,,,6,5.25,,,6.384615421295166,6.9230771,2.9230769,,5.727272510528564,,5.699999809265137,,5.900000095367432,,5.3000002,6.400000095367432,,5.199999809265137,,,,,6.199999809265137,,5.727272510528564,,,6.5,,,4.6999998,,5.599999904632568,,6,,5.3636365,,,,,5,,4.090909,,,,1.0769231,5,,6.545454502105713,,4.909091,,5.44444465637207,,,5.909090995788574,2.727272748947144,,,,,.80000001,3,,,,8,10,13,2025.1
2019,3,1,1,301,CDU,41521,26.8,28.200001,2017,22.6,4,1,5.857142925262451,5.904761791229248,6.4761906,4.5833335,4,5.857142925262451,6.2380953,5.6666665,5.3333335,6.285714149475098,6.8571429,2.6363637,3.5555556,6.157894611358643,,5.94444465637207,,5.947368621826172,5.368421077728271,5.7368422,6.599999904632568,,5.105263233184814,,,,,6.400000095367432,,6,6.900000095367432,6.3499999,7.0500002,7.0999999,5.1052632,5.4736843,,6,,6.099999904632568,,6.0500002,5.8499999,,,3.3888888,4,,,,,,,,,6.473684310913086,,4.0555553,,5.25,,4.777777671813965,4.647058963775635,,,2.6470587,2.8823528,1.7,.75,1.3684211,8.3157892,,,,,,2025.1
2024,3,1,1,301,CDU,41521,18.9,152,2021,23.70000076293945,4,,6.5789475440979,6.5789475440979,7.6842103,3.8571429,3.4545455,6.55555534362793,5.7222223,4.6666665,3.875,6.4210524559021,6.5263157,3.2,4.75,6.25,,6.166666507720947,,6.388888835906982,6,,7.111111164093018,,,,5.3333335,5.4000001,4.375,6.375,,7.210526466369629,7.157894611358643,3.5263157,7.3888888,7,,5.8571429,,5.875,,6.181818008422852,,5.8000002,5.3000002,5.4444447,5.1111112,3.5714285,3.6666667,,,,,,,,,6,,,,,,,4.333333492279053,,1.8,,4.75,2.6363637,2.75,4,,4,1,,,,2025.1
1999,3,1,1,302,SPD,41320,40.9,44.5,1998,30.70000076293945,5,1,4,4.066666603088379,,,,3.599999904632568,,,,6.199999809265137,5.6666665,2.5,,,,,,,,,,,,,,,,,,,,,,,,,,,,,,,,,,,,,,,,,,6.266666889190674,6.366666793823242,,6.199999809265137,,,5.307692527770996,6.357142925262451,6.300000190734863,6.233333110809326,,,,,,,,,,,,,,2025.1
2002,3,1,1,302,SPD,41320,38.5,41.599998,2002,30.70000076293945,5,1,4,3.57,,,,4.57,,,,6.11,7.8666663,2.5666666,,,,,,,,,,,,,,,,,,,,,,,,,,,,,,,,,,,,,,,,,,5.86,,5.38,6.15,,3.79,5.2,6,6.15,6.29,,,,,,,,,,,,,,2025.1
2006,3,1,1,302,SPD,41320,34.2,36.200001,2005,21.5,5,1,3.55,3.36,,,,4.45,,,,6,5.1666665,2.5999999,,3.5,7.630000114440918,4,6.130000114440918,2.859999895095825,7.429999828338623,,5.710000038146973,6.570000171661377,2.5,4.329999923706055,,,,2.430000066757202,2,5.429999828338623,6.860000133514404,,4.5700002,,,4,4.1399999,4.710000038146973,5.139999866485596,2.710000038146973,2.569999933242798,,,,,,5.1399999,4,,,4.3299999,5.5,,5.89,,5.1,,,,5.8,,,6.22,4.73,,,,,,,,,,,,,2025.1
2010,3,1,1,302,SPD,41320,23,23.5,2009,20.79999923706055,5,0,3.625,3,,,,4.5,,,,5.882352828979492,6.8627453,2.875,,2.866666555404663,6.266666889190674,3.466666698455811,5.400000095367432,3.066666603088379,7,,4.933333396911621,5.400000095367432,3.799999952316284,4.866666793823242,,,,3.533333301544189,3.333333253860474,4.857142925262451,6.466666698455811,,5.4666667,6,,,,4.428571224212646,4.307692527770996,3.733333349227905,3.866666555404663,5.1999998,5.8000002,,,,5.4285712,3.2142856,4.0666666,5.5999999,,,1.0588236,5.928571224212646,,5.133333206176758,,,,5.272727489471436,,,5.769230842590332,4.75,,,,,,,,,,,,,2025.1
2014,3,1,1,302,SPD,41320,25.7,30.6,2013,27.3,5,1,3.769230842590332,3.5,8.2307692,,,4.153846263885498,5.4166665,,,6.384615421295166,6.8461537,2.8461537,,3.454545497894287,,3.900000095367432,,3.200000047683716,,3.0999999,4.900000095367432,,3.200000047683716,,,,,3.099999904632568,,3.909090995788574,,,3.5999999,,,3.3,,3.5,,3.888888835906982,,4.2727275,,,,,5.7142859,,4.6363635,,,,1,5.636363506317139,,6,,5.2727275,,5.666666507720947,,,5.909090995788574,4.818181991577148,,,,,1.3,3,,,,8,14,13,2025.1
2019,3,1,1,302,SPD,41320,20.5,21.6,2017,15.8,5,1,3.61904764175415,3.714285612106323,7.6666665,5.5,4.5555553,3.38095235824585,5.4761906,4.1666665,3.4444444,6.523809432983398,6.8571429,2.3636363,2.7777777,3.052631616592407,,3.5,,3.052631616592407,7.473684310913086,2.7894738,4.050000190734863,,2.631578922271729,,,,,2.849999904632568,,4.150000095367432,5.400000095367432,4.2631578,4.25,5.75,3.8947368,3.4210527,,3.941176414489746,,3.368421077728271,,4.6999998,6.25,,,4.2222223,5.4666667,,,,,,,,,5.947368621826172,,4.8888888,,5.4375,,5.5,5.294117450714111,,,2.7647059,1.6470588,2.45,1.35,1.5263158,5.5789475,,,,,,2025.1
2024,3,1,1,302,SPD,41320,25.7,206,2021,13.9399995803833,5,,3.473684310913086,3.473684310913086,7.2631578,4.8571429,4.181818,3.611111164093018,4.5,4.3333335,4.25,6.368421077728271,6.0526314,2.7333333,4.75,2.333333253860474,,3.333333253860474,,2.888888835906982,7.5,,4.222222328186035,,,,3.6666667,3,2.375,2.875,,5,5.210526466369629,5.3684211,4.1666665,5.4210525,,3.2857144,,2.875,,3.636363744735718,,3.4000001,6,3.3333333,5,5.2857141,6.3333335,,,,,,,,,5.571428775787354,,,,,,,4.666666507720947,,4.1999998,,1.25,3.090909,2.375,4,,3.3333333,1,,,,2025.1
1999,3,1,1,303,FDP,41420,6.2,6.4000001,1998,3,3,0,6.066666603088379,7.266666889190674,,,,3,,,,6.733333110809326,6.166667,.71428567,,,,,,,,,,,,,,,,,,,,,,,,,,,,,,,,,,,,,,,,,,6.642857074737549,4.642857074737549,,3.230769157409668,,,4.199999809265137,5.769230842590332,6.428571224212646,6.5,,,,,,,,,,,,,,2025.1
2002,3,1,1,303,FDP,41420,7.4,7.8000002,2002,3,3,0,6.07,7.64,,,,3.57,,,,6.57,6.6666665,1.6222223,,,,,,,,,,,,,,,,,,,,,,,,,,,,,,,,,,,,,,,,,,5.75,,6.31,4,,2.85,3.9,5,6.08,6.14,,,,,,,,,,,,,,2025.1
2006,3,1,1,303,FDP,41420,9.800000000000001,9.8999996,2005,6.099999904632568,3,0,6.64,8.640000000000001,,,,3.45,,,,6.27,4.8333335,1.8,,8.630000114440918,7.75,9,8.380000114440918,7.139999866485596,5.710000038146973,,2.859999895095825,7.570000171661377,1.330000042915344,5,,,,1.710000038146973,1.710000038146973,4.710000038146973,6.139999866485596,,5,,,4.29,3.4300001,4.289999961853027,5,3,3,,,,,,4.5,3.8599999,,,5.3299999,4.1700001,,5.78,,6.82,,,,4.67,,,6.11,4.6,,,,,,,,,,,,,2025.1
2010,3,1,1,303,FDP,41420,14.6,15,2009,11,3,1,6.599999904632568,8.1875,,,,3.533333301544189,,,,6,6.2745094,2.875,,8.533333778381348,8.399999618530273,8,8.133333206176758,8.133333206176758,7.333333492279053,,3.666666746139526,7.266666889190674,2.599999904632568,6.466666698455811,,,,2.866666555404663,3.533333301544189,4.133333206176758,5.533333301544189,,5.1999998,6.0714288,,,,4.384615421295166,4.307692527770996,3.666666746139526,3.933333396911621,6.9333334,4.8666668,,,,5.5384617,2.7857144,3.4615386,5.2666669,,,1.1764706,5.769230842590332,,6.599999904632568,,,,4,,,5.916666507720947,4.625,,,,,,,,,,,,,2025.1
2014,3,1,1,303,FDP,41420,4.8,0,2013,3.4,3,0,6.538461685180664,8,8.6923075,,,3.384615421295166,5.5,,,5.692307472229004,5.5384617,5.3333335,,7.363636493682861,,7.300000190734863,,7.300000190734863,,7.5999999,4.599999904632568,,2.299999952316284,,,,,2.299999952316284,,3.599999904632568,,,3.7,,,3.4000001,,4.125,,3.111111164093018,,6.909091,,,,,5.8571429,,5.090909,,,,1.1666666,4.777777671813965,,6.727272510528564,,4.5,,4.55555534362793,,,5.545454502105713,3.857142925262451,,,,,.89999998,3.375,,,,13,5,8,2025.1
2019,3,1,1,303,FDP,41420,10.7,11.3,2017,5.4,3,0,6.428571224212646,7.904761791229248,8.1000004,1.8333334,1.6666666,3.428571462631226,5.0476189,3.0833333,3,5.761904716491699,5.6666665,3.7272727,4.1111112,8.894737243652344,,8.166666984558105,,8.578947067260742,7.315789699554443,8.6842108,3.450000047683716,,2.263157844543457,,,,,1.850000023841858,,5.949999809265137,5.050000190734863,3.3684211,5.7647057,4.7222223,3.2777777,3.8947368,,4.75,,3.105263233184814,,7.5263157,5.1999998,,,1.6111112,5.2857141,,,,,,,,,6.789473533630371,,3.4117646,,3.823529481887817,,4.722222328186035,4.5,,,2.2352941,2.0588236,2.3499999,1.25,1.7368422,8.2631578,,,,,,2025.1
2024,3,1,1,303,FDP,41420,11.5,92,2021,5.179999828338623,3,,6.05555534362793,7.5789475440979,8.8947372,1.8571428,2.1818182,3.222222328186035,5.3888888,3.2222223,2.875,5.842105388641357,6,3.7333333,4.25,8.833333015441895,,8,,8.111110687255859,7.166666507720947,,2.666666746139526,,,,4,3,1.75,2,,6.05555534362793,6.157894611358643,3.3529413,5.1176472,6.1111112,,2.7142856,,3.428571462631226,,3.090909004211426,,6.6999998,5,6.3333335,6,1.8571428,4.3333335,,,,,,,,,6.833333492279053,,,,,,,4,,2.2,,3.5,3.9000001,2.375,4.1428571,,2.6666667,.66666669,,,,2025.1
1999,3,1,1,304,Grunen,41113,6.7,7,1998,6.400000095367432,7,1,3,3.533333301544189,,,,1.200000047683716,,,,5.666666507720947,5.3333335,3.9285712,,,,,,,,,,,,,,,,,,,,,,,,,,,,,,,,,,,,,,,,,,6.785714149475098,5.428571224212646,,6.071428775787354,,,6.090909004211426,7,5.428571224212646,5.964285850524902,,,,,,,,,,,,,,2025.1
2002,3,1,1,304,Grunen,41113,8.6,9.1000004,2002,6.400000095367432,7,1,3.36,4.5,,,,1.93,,,,6.36,7.3666668,3.0777779,,,,,,,,,,,,,,,,,,,,,,,,,,,,,,,,,,,,,,,,,,6.43,,5.38,5.82,,3.23,4.9,6.85,5.38,6.36,,,,,,,,,,,,,,2025.1
2006,3,1,1,304,Grunen,41113,8.1,8.3000002,2005,11.89999961853027,7,0,3.09,4,,,,1.45,,,,5.82,5.7666669,2.7,,3.880000114440918,6.75,5.5,6.25,3.289999961853027,6.429999828338623,,2,8,.5,6.170000076293945,,,,2.710000038146973,1.710000038146973,1.860000014305115,7.570000171661377,,1.29,,,1.14,4.5700002,1.860000014305115,6.570000171661377,2.289999961853027,3,,,,,,4.1399999,4.29,,,1.83,6.3299999,,6.22,,5,,,,5.78,,,5.56,5.82,,,,,,,,,,,,,2025.1
2010,3,1,1,304,Grunen,41113,10.7,10.9,2009,12.10000038146973,7,0,3.625,3.875,,,,1.875,,,,6,6.4705882,3,,3.200000047683716,5.466666698455811,3.599999904632568,5.466666698455811,2.866666555404663,6.199999809265137,,1.866666674613953,7.866666793823242,1.133333325386047,8,,,,1.933333277702332,3.133333444595337,1.733333349227905,7.066666603088379,,2.2,8.1428576,,,,1.571428537368774,6.5,3.133333444595337,4,2.3333333,9.333333,,,,3.5714285,3.7857144,5.8666668,6.4666667,,,1,6.214285850524902,,5.466666698455811,,,,5.400000095367432,,,5.25,6,,,,,,,,,,,,,2025.1
2014,3,1,1,304,Grunen,41113,8.4,10,2013,10.7,7,0,3.615384578704834,3.5,7,,,2.153846263885498,7.7272725,,,6.230769157409668,6.1538463,3,,2.818181753158569,,3.400000095367432,,3.200000047683716,,3.3,2.700000047683716,,1.5,,,,,2,,2.090909004211426,,,1.2,,,1.4,,2.299999952316284,,4,,1.4545455,,,,,5.5714288,,5.3636365,,,,1,6.199999809265137,,6,,4.7272725,,5.44444465637207,,,5.818181991577148,6,,,,,2,4.5,,,,6,39,8,2025.1
2019,3,1,1,304,Grunen,41113,8.9,9.3999996,2017,20.5,7,0,3.238095283508301,3.809523820877075,5,3.75,4.3333335,1.095238089561462,8.4761906,1.5,.77777779,6.761904716491699,7.3333335,1.4545455,1.8888888,3.157894849777222,,3.29411768913269,,3.421052694320679,5.263157844543457,2.7894738,1.850000023841858,,.8421052694320679,,,,,1.899999976158142,,1.700000047683716,7.949999809265137,1.4,1.9,7,1.5263158,1.1052631,,1.647058844566345,,2,,1.55,9.6999998,,,3.8823528,4.1538463,,,,,,,,,6.166666507720947,,5.4705882,,5.800000190734863,,5.94444465637207,5.6875,,,2.1764705,1.1176471,4.9000001,1.8,2.4736843,4.8421054,,,,,,2025.1
2024,3,1,1,304,Grunen,41113,14.8,118,2021,12,7,,3.055555582046509,3.368421077728271,5.9473686,4.5714288,4,1.611111164093018,7.3333335,2.1111112,1.625,6.789473533630371,7.1052632,2.5333333,4.25,2.166666746139526,,3.5,,3.055555582046509,5.94444465637207,,1.888888835906982,,,,2.1111112,1.8,1.875,2.75,,2.473684310913086,6,4,1.3888888,6.4736843,,1.2857143,,.75,,2.909090995788574,,.89999998,8.5,.55555558,9.1111107,4.7142859,5.6666665,,,,,,,,,5.571428775787354,,,,,,,5.833333492279053,,2.4000001,,2,4.818182,2.5,4.5714288,,2.5833333,1,,,,2025.1
1999,3,1,1,305,REP,,1.79999995231628,0,1998,1.700000047683716,1,0,9.214285850524902,7.222222328186035,,,,9.416666984558105,,,,1.75,3.541667,1.3636363,,,,,,,,,,,,,,,,,,,,,,,,,,,,,,,,,,,,,,,,,,2.111111164093018,1.571428537368774,,1.714285731315613,,,1.571428537368774,2.400000095367432,1.333333373069763,1.555555582046509,,,,,,,,,,,,,,2025.1
1999,3,1,1,306,PDS,41221,5.1,5.4000001,1998,5.800000190734863,6,0,1.266666650772095,1,,,,3.333333253860474,,,,3.200000047683716,3.5000002,2.3076921,,,,,,,,,,,,,,,,,,,,,,,,,,,,,,,,,,,,,,,,,,4.5,4.272727489471436,,5.307692527770996,,,4.777777671813965,4.699999809265137,4.416666507720947,2.692307710647583,,,,,,,,,,,,,,2025.1
2002,3,1,1,306,PDS,41221,4,.30000001,2002,5.800000190734863,6,0,1.64,1.29,,,,4.27,,,,4.07,4.2999997,2.8444443,,,,,,,,,,,,,,,,,,,,,,,,,,,,,,,,,,,,,,,,,,4.44,,2.92,4.88,,3.75,5.6,5.44,4.75,2.82,,,,,,,,,,,,,,2025.1
2006,3,1,1,306,Linkspartei/PDS,41222,8.699999999999999,8.8000002,2005,6.099999904632568,6,0,1.27,.91,,,,3.18,,,,3.27,3.3333333,3.8599999,,.75,7.880000114440918,.5,7.75,.2899999916553497,9.430000305175781,,3.289999961853027,7.289999961853027,1.799999952316284,4.599999904632568,,,,1,1.570000052452087,3.170000076293945,6.670000076293945,,3.5,,,4.6700001,5.1700001,3.5,5.329999923706055,2.430000066757202,2,,,,,,3.5699999,4.4299998,,,.33000001,7,,5.22,,2.18,,,,5.25,,,2.67,4.67,,,,,,,,,,,,,2025.1
2010,3,1,1,306,LINKE,41223,11.9,12.2,2009,7.599999904632568,6,0,1.3125,1,,,,4.615384578704834,,,,3.29411768913269,4.3137255,3.3333333,,.8666666746139526,7.400000095367432,.8666666746139526,7.199999809265137,.4666666686534882,9,,3.799999952316284,5.199999809265137,2.538461446762085,4.642857074737549,,,,1.266666650772095,2.928571462631226,3.071428537368774,5.066666603088379,,3.7692308,5.6363635,,,,3,5.25,2.071428537368774,3.857142925262451,4.2307692,5.4285712,,,,5.8000002,2.8461537,8.0666666,7.3333335,,,2.3529413,5.199999809265137,,2.538461446762085,,,,4.5,,,2.090909004211426,4.636363506317139,,,,,,,,,,,,,2025.1
2014,3,1,1,306,LINKE,41223,8.6,10.1,2013,7.4,6,0,1.230769276618958,1.25,7.3846154,,,4.92307710647583,4.3333335,,,3,5.6923075,4.9166665,,.5,,1.600000023841858,,.8999999761581421,,1.2,3.555555582046509,,3.299999952316284,,,,,1.666666626930237,,4,,,3.8,,,3.7,,3.333333253860474,,3,,4.7777777,,,,,5.1428571,,8.8000002,,,,2.1666667,5.333333492279053,,3.272727251052856,,2.7,,4.375,,,2.545454502105713,4.285714149475098,,,,,5.4000001,3.125,,,,14,17,13,2025.1
2019,3,1,1,306,LINKE,41223,9.199999999999999,9.6999998,2017,5.5,6,0,1.428571462631226,1.285714268684387,8.0952377,1.9166666,1.1111112,2.809523820877075,5.2380953,4.3333335,3,4.714285850524902,4.8499999,5.090909,4.6666665,1,,.7222222089767456,,.8947368264198303,9.263157844543457,.68421054,2.421052694320679,,1.666666626930237,,,,,1.149999976158142,,2.700000047683716,6.150000095367432,5.0500002,2.7647059,5.1052632,3.4210527,2.8947368,,2.882352828979492,,3.166666746139526,,4.25,5.1999998,,,6.2222223,5.3076925,,,,,,,,,3.263157844543457,,3.5625,,5.199999809265137,,5.066666603088379,3,,,2.2352941,1.625,4.3499999,4.4499998,2.3684211,6.0555553,,,,,,2025.1
2024,3,1,1,306,LINKE,41223,4.9,39,2021,2.740000009536743,6,,1.421052575111389,1.368421077728271,7.6111112,1.7142857,1.7272727,2.29411768913269,6.1333332,2.8888888,2.75,3.722222328186035,5.3333335,3.3571429,4,1.166666626930237,,1.5,,.9444444179534912,9.235294342041016,,3,,,,2.3333333,1.1111112,2.375,1.571428537368774,,2.5625,5.470588207244873,3.4375,2,5.25,,1.7142857,,1.25,,2.555555582046509,,2.1111112,5.125,4.2222223,5.5,8,7,,,,,,,,,2.714285612106323,,,,,,,2.5,,8,,3,4.3333335,6.875,5.2857141,,3.5999999,1.6666666,,,,2025.1
1999,3,1,1,308,CSU,,6.7,7,1998,9.399999618530273,4,0,7.199999809265137,6.533333301544189,,,,7.800000190734863,,,,4.800000190734863,5.6666665,3.5714288,,,,,,,,,,,,,,,,,,,,,,,,,,,,,,,,,,,,,,,,,,4.5,4.900000095367432,,3.733333349227905,,,3.384615421295166,4.714285850524902,4.642857074737549,5.300000190734863,,,,,,,,,,,,,,2025.1
2002,3,1,1,308,CSU,,9,9.6000004,2002,9.399999618530273,4,0,7.36,6.21,,,,7.64,,,,5.5,7.6333332,3.3333333,,,,,,,,,,,,,,,,,,,,,,,,,,,,,,,,,,,,,,,,,,4.83,,5.08,4.27,,5.14,4.3,4.75,5,5.93,,,,,,,,,,,,,,2025.1
2006,3,1,1,308,CSU,,7.4,7.5,2005,8,4,1,7.64,6.45,,,,8.18,,,,5.36,5.7666669,2.8,,5.630000114440918,7.380000114440918,6,6.25,4.860000133514404,5,,8.859999656677246,7.429999828338623,7.829999923706055,6.170000076293945,,,,7.710000038146973,6.570000171661377,8.710000038146973,8,,9,,,7.4299998,4.71,6,5.860000133514404,8,5.429999828338623,,,,,,3.1400001,6,,,6.1700001,4.8299999,,5.44,,5.55,,,,5.5,,,6,1.64,,,,,,,,,,,,,2025.1
2010,3,1,1,308,CSU,,6.5,7.1999998,2009,7.199999809265137,4,1,7.066666603088379,5.5,,,,7.125,,,,4.941176414489746,7.2549019,4.375,,4.928571224212646,6.466666698455811,5.199999809265137,5.466666698455811,5.333333492279053,5.266666889190674,,7.733333110809326,6.800000190734863,6.199999809265137,5.400000095367432,,,,7.866666793823242,7.666666507720947,7.933333396911621,7.733333110809326,,8.3999996,7.3571429,,,,7.071428775787354,4.92307710647583,7.599999904632568,6.866666793823242,6,5.1333332,,,,3.1428571,5.7142859,2.6428571,5.7333331,,,1.3529412,5,,5.733333110809326,,,,4.25,,,5.583333492279053,1.625,,,,,,,,,,,,,2025.1
2014,3,1,1,308,CSU,,7.4,8.8999996,2013,5.3,4,1,7.230769157409668,6.083333492279053,7.6923075,,,7.92307710647583,6.1666665,,,4.846153736114502,6.6153846,3.5,,6.181818008422852,,6,,6.55555534362793,,6,8.100000381469727,,6.800000190734863,,,,,7.777777671813965,,7.454545497894287,,,8.1999998,,,6.5999999,,7,,7.666666507720947,,6.181818,,,,,3.6666667,,4.2222223,,,,1.4615384,4.454545497894287,,5.636363506317139,,4.3636365,,5.222222328186035,,,5.199999809265137,1.727272748947144,,,,,2,2.375,,,,13,8,4,2025.1
2019,3,1,1,308,CSU,,6.2,6.5,2017,6.3,4,1,7.190476417541504,6.38095235824585,6.5238094,3.090909,4,7.285714149475098,7.6190476,3.4000001,2.4444444,5.684210300445557,6.5999999,3.6363637,4,6.631578922271729,,6.44444465637207,,6.315789699554443,5.4210524559021,6.0526314,7.699999809265137,,6.4210524559021,,,,,7.550000190734863,,7.699999809265137,8.100000381469727,3.5,8.4499998,8.25,3,6.9473686,,7.352941036224365,,7.75,,6.1999998,5.8499999,,,4.1666665,2.2666667,,,,,,,,,5.789473533630371,,3.5882354,,4.941176414489746,,3.555555582046509,3.647058725357056,,,2.4705882,4.5882354,2.8421052,1.55,1.2105263,8.3157892,,,,,,2025.1
2024,3,1,1,308,CSU,,6.2,45,2021,6.320000171661377,4,,7.571428775787354,6.769230842590332,7.5833335,3.3333333,3.5,7.538461685180664,6.5454545,2,3.1666667,5.5,5.75,3.6666667,6.6666665,5.875,,6.666666507720947,,6.928571224212646,5.615384578704834,,7.571428775787354,,,,5.5,6.75,4.75,7.400000095367432,,7.538461685180664,7.538461685180664,2.2307692,7.6666665,7.3076925,,6.5,,6.833333492279053,,8.714285850524902,,6.4285712,4.5,6.6666665,4.3333335,5,2.8333333,,,,,,,,,5.400000095367432,,,,,,,2.75,,2,,6.5,3.875,3.25,3.75,,4.375,1.3333334,,,,2025.1
1999,3,1,1,309,DVU,,1.20000004768372,0,1998,,1,0,9.769230842590332,7.222222328186035,,,,9.75,,,,1.571428537368774,3.75,1.1363637,,,,,,,,,,,,,,,,,,,,,,,,,,,,,,,,,,,,,,,,,,1.666666626930237,1.428571462631226,,1.571428537368774,,,1.5,2,1.200000047683716,1.333333373069763,,,,,,,,,,,,,,2025.1
2014,3,1,1,309,NPD,,1.3,0,2013,1,1,0,10,5.333333492279053,3.4166667,,,9.818181991577148,7.5,,,1.666666626930237,5.0999999,.80000001,,4.800000190734863,,3.333333253860474,,5.599999904632568,,3.2,9.666666984558105,,9.5,,,,,4.333333492279053,,9,,,10,,,9.8888893,,10,,8,,5.5,,,,,6,,7,,,,3,1.857142806053162,,1.833333373069763,,1.2,,1.799999952316284,,,1.399999976158142,1.142857193946838,,,,,9.1111107,3,,,,12,9,7,2025.1
2014,3,1,1,310,AfD,41953,4.7,0,2013,7.1,9,0,8.923076629638672,8.333333015441895,8.4615383,,,8.692307472229004,5.6666665,,,1.615384578704834,9.5384617,1.3333334,,7.888888835906982,,8.142857551574707,,7.125,,7.75,8.75,,8.125,,,,,7,,9.300000190734863,,,9.2222223,,,8.6999998,,8.800000190734863,,5,,8.666667,,,,,3,,7.8000002,,,,2.6153846,2.428571462631226,,3.200000047683716,,2.5,,2.444444417953491,,,2,1.375,,,,,7.7777777,3.8333333,,,,8,9,13,2025.1
2019,3,1,1,310,AfD,41953,12.6,13.3,2017,11,1,0,9.238095283508301,7,3.1904762,6.6666665,6.7777777,9.523809432983398,9.4285717,3.1666667,.55555558,1.904761910438538,6.7142859,2.909091,3,7.285714149475098,,6.285714149475098,,6,2.947368383407593,6.6666665,9.5,,9.105262756347656,,,,,4.294117450714111,,9.899999618530273,9.800000190734863,1.05,9.9499998,9.1000004,.94736844,9.6842108,,9.823529243469238,,7.294117450714111,,8.4499998,4.9499998,,,6.6875,5.9166665,,,,,,,,,3.125,,1.3529412,,3,,1.166666626930237,1.375,,,3,9.4705887,8.3157892,9.6999998,4.8235292,7,,,,,,2025.1
2024,3,1,1,310,AfD,41953,10.3,83,2021,15.89000034332275,1,,9.263157844543457,7.631578922271729,4,4.8571429,6.1999998,9.388889312744141,8.666667,2.4444444,.75,1.894736886024475,7.2222223,3.6666667,2.6666667,7.099999904632568,,6.599999904632568,,7.058823585510254,3.941176414489746,,9.111110687255859,,,,7.3333335,8.2222223,6.75,4.857142925262451,,9.947368621826172,9.947368621826172,1.0526316,9.8888893,9.3157892,,9.5714283,,10,,6.699999809265137,,9,4.4444447,9.4444447,5.8888888,7,4.25,,,,,,,,,2.428571462631226,,,,,,,1.166666626930237,,8.3999996,,9.75,8,9,4.5714288,,7.2727275,9.5,,,,2025.1
2014,3,1,1,311,Piraten,41952,2.2,0,2013,1.4,9,0,3.25,3.25,3.9166667,,,1.909090876579285,6.5,,,4.714285850524902,3.7,5.4285712,,3,,2.333333253860474,,3,,3.3333333,2,,.8333333134651184,,,,,1.25,,2.5,,,2,,,1.25,,1.666666626930237,,2.5,,3.3333333,,,,,2,,8,,,,1.4,5.666666507720947,,6,,2.6666667,,4.5,,,3.5,5,,,,,6.8571429,6.25,,,,2,16,33,2025.1
2019,3,1,1,311,Piraten,41952,,,2017,.7,9,0,2.142857074737549,2.400000095367432,2.2,2.6666667,,1.333333373069763,8.6000004,1.6666666,2,6.5,5.25,0,4,3.25,,2,,2.5,2,2.75,.6666666865348816,,.875,,,,,.75,,1.25,3.333333253860474,3,1.5,3,3,1.1428572,,2.666666746139526,,.8571428656578064,,4.5,3,,,3,5,,,,,,,,,6,,5,,6.333333492279053,,6,5.5,,,0,1,8.8999996,8.8000002,6,1.5,,,,,,2025.1
2014,3,1,1,312,DieTier,,.3,0,2013,1.2,7,0,4.666666507720947,2,4.1666665,,,4,5,,,4,1.5714285,3,,2,,2,,2,,2,1.5,,1,,,,,1,,1,,,1,,,0,,2,,4,,1,,,,,2,,7,,,,2.5,4,,4.5,,2,,5,,,3,,,,,,10,4.5,,,,1,6,45,2025.1
2019,3,1,1,312,DieTier,,,,2017,1.4,7,0,2.333333253860474,3,2.5,2,,1.5,7,3,,5,4,,,,,5,,,1,7.5,,,2.5,,,,,6,,0,5,,3,,,,,,,3,,.5,10,,,,,,,,,,,,,2,,,,6.400000095367432,,,,,,0,,9.666667,10,0,,,,,,,2025.1
2024,3,1,1,313,BSW,,0,0,2021,6.170000076293945,6,,3.625,2.777777671813965,5.6666665,3.2857144,3.4545455,7.0625,7.1875,3.2857144,3.5,2.421052694320679,6.1176472,2.25,2.3333333,2.200000047683716,,2.166666746139526,,2,7.722222328186035,,6.25,,,,4.2857141,5.1999998,4.6666665,1.399999976158142,,8.631579399108887,8.352941513061523,1.6666666,8.2142859,8.4117651,,6.8571429,,7.142857074737549,,5,,7.2222223,4.5555553,7.625,5.125,8.166667,5.6666665,,,,,,,,,2.142857074737549,,,,,,,1.833333373069763,,9.1999998,,7.5,7,8.8571424,4.8333335,,5.5555553,9,,,,2025.1
2024,3,1,1,314,FW,,0,0,2021,2.670000076293945,9,,6.75,6.454545497894287,6.6666665,2.75,3.75,6.699999809265137,5.4444447,3,2.5,4,5.3636365,3.1666667,4.5,6,,7,,6.636363506317139,5.75,,7,,,,6.25,6.3333335,5.3333335,7.333333492279053,,7.400000095367432,5.888888835906982,2.1111112,7.5,5.75,,6.6666665,,7,,8.399999618530273,,7.5,5.6666665,7.4000001,4.8000002,5.5,1.75,,,,,,,,,4.75,,,,,,,3,,4,,6.5,5.4000001,7.3333335,3.5,,4.4000001,,,,,2025.1
1999,4,1,1,401,PASOK,34313,41.5,54,1996,32.90999984741211,5,1,5,5.428571224212646,,,,3.714285612106323,,,,7,7.5,3.2142859,,,,,,,,,,,,,,,,,,,,,,,,,,,,,,,,,,,,,,,,,,6,5.75,,5.714285850524902,,,7,6.5,6.333333492279053,7,,,,,,,,,,,,,,2025.1
2002,4,1,1,401,PASOK,34313,43.8,52.700001,2000,32.90999984741211,5,1,3.91,4.64,,,,3.86,,,,6.82,9.666667,2.8333333,,,,,,,,,,,,,,,,,,,,,,,,,,,,,,,,,,,,,,,,,,6.64,,6.27,6.25,,6.64,6.91,6,6.4,6.73,,,,,,,,,,,,,,2025.1
2006,4,1,1,401,PASOK,34313,40.6,39,2004,34,5,0,4.11,4.22,,,,3.25,,,,6.78,8.1333332,1.38,,3.779999971389771,7.880000114440918,5.630000114440918,6.380000114440918,3.220000028610229,7.5,,4.380000114440918,7.5,2.630000114440918,6.289999961853027,,,,2.880000114440918,5.710000038146973,3,6.630000114440918,,2.75,,,3.1099999,6.4299998,3.130000114440918,6.25,6.139999866485596,6.289999961853027,,,,,,2.8800001,6.29,,,4.1100001,7.1300001,,6.22,,5.78,,,,7,,,6.56,6.11,,,,,,,,,,,,,2025.1
2010,4,1,1,401,PASOK,34313,43.92,53.299999,2009,36.63999938964844,5,1,4.363636493682861,5.636363506317139,,,,2.818181753158569,,,,6.090909004211426,9.393939,4.4545455,,3.636363744735718,7,6.818181991577148,7.545454502105713,2.909090995788574,7.599999904632568,,4.545454502105713,6.909090995788574,3.636363744735718,6,,,,4.272727489471436,4.818181991577148,5.099999904632568,7.545454502105713,,3,7,,,,2.909090995788574,6.545454502105713,5.727272510528564,4.199999809265137,4.181818,7.4545455,,,,2,7.2727275,3.8,4.6999998,,,1.0909091,6,,5.636363506317139,,,,6.454545497894287,,,6.090909004211426,6,,,,,,,,,,,,,2025.1
2014,4,1,1,401,PASOK,34313,12.3,11,2012,8,5,1,4.777777671813965,5.44444465637207,9.4444447,,,4,4.4444447,,,6.55555534362793,7.6666665,1.8888888,,4.25,,5.888888835906982,,4.222222328186035,,4.5,3.888888835906982,,3.666666746139526,,,,,5.111111164093018,,4.333333492279053,,,4.5555553,,,3.6666667,,4.333333492279053,,5,,5.8888888,,,,,3.5,,4.375,,,,1,6.375,,6.333333492279053,,5.5555553,,6.777777671813965,,,6.333333492279053,4.625,,,,,2.7777777,4.8888888,,,,13,37,17,2025.1
2019,4,1,1,401,PASOK,34313,7,6.4000001,2019,7.72,5,0,4.333333492279053,4.222222328186035,8,3.3333333,4,3.888888835906982,5.1111112,4.3333335,4.8333335,6.888888835906982,7.3333335,1.8333334,1.6666666,3.333333253860474,,4.222222328186035,,3.777777671813965,6.44444465637207,4.1111112,3.444444417953491,,2.875,,,,,4.666666507720947,,4.777777671813965,6.111111164093018,4.5555553,4.4444447,5.5555553,3.8333333,3.8888888,,4,,4.428571224212646,,5.875,4.625,,,5.25,3.3333333,,,,,,,,,6.222222328186035,,4.5555553,,6.666666507720947,,5.666666507720947,5.777777671813965,,,2,2.3333333,2.625,2.1111112,4.75,6.7777777,,,,,,2025.1
2024,4,1,1,401,PASOK,34313,11.46,41,2023,12.78999996185303,5,,4.199999809265137,4.300000190734863,7.0999999,3.8,2.5999999,3.799999952316284,5.5999999,4.8333335,5.25,6.800000190734863,6.3000002,1.6666666,1.5714285,3.25,,4.5,,3.400000095367432,7.199999809265137,,5.5,,,,2.25,3.75,3.3333333,4.599999904632568,,4.55555534362793,4.5,3.2222223,4.5555553,4.5,,3.4285715,,4,,,,3.1666667,5,2.75,5,5.5,3.8,,,,,,,,,5.5,,,,,,,6,,3.4000001,,1.6666666,2.3333333,4,6.25,,3.75,2,,,,2025.1
1999,4,1,1,402,ND,34511,38.1,36,1996,36,2,0,6.571428775787354,7.428571224212646,,,,7.142857074737549,,,,6.714285850524902,5,.41666657,,,,,,,,,,,,,,,,,,,,,,,,,,,,,,,,,,,,,,,,,,5.857142925262451,6.5,,5.833333492279053,,,6.857142925262451,5.833333492279053,6.333333492279053,7,,,,,,,,,,,,,,2025.1
2002,4,1,1,402,ND,34511,42.7,41.700001,2000,36,2,0,6.27,6.32,,,,6.45,,,,6.55,8.9333334,2.1222224,,,,,,,,,,,,,,,,,,,,,,,,,,,,,,,,,,,,,,,,,,6.41,,6.18,6.4,,6.64,6.91,6.36,6.2,6.73,,,,,,,,,,,,,,2025.1
2006,4,1,1,402,ND,34511,45.4,55,2004,43,2,1,6.44,6.89,,,,6.25,,,,6.67,8.9000006,1.13,,6.440000057220459,7.25,8.25,8.5,5.440000057220459,4.880000114440918,,6.880000114440918,6.5,5.880000114440918,4.710000038146973,,,,7.75,6.860000133514404,6.130000114440918,5.880000114440918,,5.6300001,,,6.8899999,5.4299998,5.380000114440918,4.380000114440918,6.570000171661377,6,,,,,,4.1300001,4.71,,,5.4400001,6.75,,6.22,,6.56,,,,7,,,6.56,6,,,,,,,,,,,,,2025.1
2010,4,1,1,402,ND,34511,33.48,30.299999,2009,32.29000091552734,2,0,6.818181991577148,6.090909004211426,,,,7.300000190734863,,,,5.272727489471436,9,5.4545455,,6.090909004211426,6.5,6.636363506317139,6.818181991577148,5,5.599999904632568,,8,7,7.090909004211426,4.272727489471436,,,,8.090909004211426,7.454545497894287,7.800000190734863,7.727272510528564,,7.3636365,7.5999999,,,,6.909090995788574,5.727272510528564,6.090909004211426,4.5,6.909091,3.5454545,,,,5.3636365,4.6363635,4,4.5999999,,,1,5.909090995788574,,6,,,,6.363636493682861,,,6.181818008422852,5.300000190734863,,,,,,,,,,,,,2025.1
2014,4,1,1,402,ND,34511,29.7,43,2012,22.7,2,1,7.222222328186035,7.111111164093018,9.4444447,,,7,6.3333335,,,6.55555534362793,7.4444447,2.5555556,,5.5,,6.333333492279053,,6.55555534362793,,6,7.111111164093018,,8.111110687255859,,,,,8.44444465637207,,8,,,8.2222223,,,7.4444447,,8.222222328186035,,6,,7.6666665,,,,,5.7142859,,4.4285712,,,,1,6.428571224212646,,6.55555534362793,,5.5555553,,6.777777671813965,,,6.111111164093018,3.714285612106323,,,,,2.3333333,4.5555553,,,,13,8,14,2025.1
2019,4,1,1,402,ND,34511,39.85,52.799999,2019,33.12,2,.5,7.111111164093018,7.222222328186035,9,1.3333334,4.1666665,7.44444465637207,6.4444447,6,6.6666665,6.888888835906982,7.5555553,1.8333334,2.6666667,8,,8.333333015441895,,7.333333492279053,5.55555534362793,7.2222223,8.111110687255859,,7.222222328186035,,,,,8.44444465637207,,7.777777671813965,8.44444465637207,4.7777777,7.8888888,6.3333335,4.1666665,7.1111112,,7.75,,4.571428775787354,,6.625,4.125,,,3.375,4.8333335,,,,,,,,,6.44444465637207,,5.1111112,,6.666666507720947,,5.55555534362793,4.888888835906982,,,2.5714285,5.4444447,1.625,1.6666666,5.125,7.8888888,,,,,,2025.1
2024,4,1,1,402,ND,34511,40.79,146,2023,28.30999946594238,2,,6.900000095367432,7.400000095367432,8,4.5999999,1.8,5.400000095367432,5.9000001,8,4.5,7,6.5,2.6666667,1.2857143,6.75,,7.5,,6.900000095367432,4.300000190734863,,7.5,,,,4,5.5,3.6666667,6.599999904632568,,7.800000190734863,7,3.8,6.5555553,6.125,,5.8571429,,6.599999904632568,,,,5.5,3.1666667,3.75,5.25,3.6666667,6.8000002,,,,,,,,,6.5,,,,,,,5,,2,,2,1.5,.75,4,,5.5,4,,,,2025.1
1999,4,1,1,403,SYN,34211,5.1,3.3,1996,5.159999847412109,6,0,3.428571462631226,3.571428537368774,,,,2.428571462631226,,,,5,4.6428576,4.6428576,,,,,,,,,,,,,,,,,,,,,,,,,,,,,,,,,,,,,,,,,,6.285714149475098,5.75,,5.599999904632568,,,6.833333492279053,7,5.599999904632568,6.428571224212646,,,,,,,,,,,,,,2025.1
2002,4,1,1,403,SYN,34211,3.2,2,2000,5.159999847412109,6,0,2.86,2.91,,,,2.09,,,,6,8.166667,3.9444447,,,,,,,,,,,,,,,,,,,,,,,,,,,,,,,,,,,,,,,,,,6.09,,4.91,5.5,,6.4,6.55,6.5,6.2,5.82,,,,,,,,,,,,,,2025.1
2006,4,1,1,403,SYRIZA,34020,3.3,2,2004,4.199999809265137,6,0,1.89,1.11,,,,1.57,,,,3.1,5.9333334,4.5700002,,1.779999971389771,7.860000133514404,1.289999961853027,5.25,.5600000023841858,9.289999961853027,,2,9,1,8.329999923706055,,,,.2899999916553497,6.429999828338623,.7099999785423279,8.289999961853027,,2.1400001,,,2.8599999,7,1.330000042915344,8.5,5.5,4.329999923706055,,,,,,2.8599999,6.5999999,,,.11,9.4300003,,5.5,,2.63,,,,5.25,,,3.71,5.75,,,,,,,,,,,,,2025.1
2010,4,1,1,403,SYRIZA,34020,4.6,4.3000002,2009,4.699999809265137,6,0,1.545454502105713,1,,,,1.909090995788574,,,,2.181818246841431,8.181818,7,,1,7.900000095367432,.8181818127632141,7.818181991577148,.5454545617103577,9.300000190734863,,.8181818127632141,9.181818008422852,.6363636255264282,8.272727012634277,,,,.4545454680919647,5.818181991577148,.6000000238418579,8.818181991577148,,.63636363,9,,,,.6363636255264282,7.363636493682861,4.181818008422852,3.599999904632568,.81818181,8.818182,,,,1.5454545,7.181818,8.363636,6.5999999,,,2.1818182,4.900000095367432,,2.636363744735718,,,,5,,,3.090909004211426,3.777777671813965,,,,,,,,,,,,,2025.1
2014,4,1,1,403,SYRIZA,34020,26.9,23.700001,2012,26.6,6,0,2,1.444444417953491,9.4444447,,,2.111111164093018,5.5555553,,,3.444444417953491,6.3333335,7.1111112,,1.75,,1.333333373069763,,1.222222208976746,,1.125,1.777777791023254,,1.555555582046509,,,,,1.555555582046509,,2.222222328186035,,,1.8888888,,,3.1111112,,2.111111164093018,,4,,2.7777777,,,,,3.75,,7,,,,2.2222223,5.25,,3.666666746139526,,1.625,,5.111111164093018,,,4,4.166666507720947,,,,,8.5555553,7.875,,,,14,1,13,2025.1
2019,4,1,1,403,SYRIZA,34020,31.53,28.799999,2019,23.75,6,.5,2.333333253860474,2.222222328186035,8.5555553,2.6666667,4.6666665,2.444444417953491,7.5555553,2.6666667,1.3333334,5,6.6666665,4.6666665,5.6666665,1.444444417953491,,1.666666626930237,,1.333333373069763,6.777777671813965,1.5555556,1.555555582046509,,1.333333373069763,,,,,1.666666626930237,,2.111111164093018,7.55555534362793,2.3333333,1.7777778,6.5555553,2.2857144,1.7777778,,1.5,,3.285714387893677,,4.1428571,6.5,,,6.375,3,,,,,,,,,4.888888835906982,,2.7777777,,6.222222328186035,,5.44444465637207,4.888888835906982,,,2,1.3333334,7.375,6.5555553,7.75,5.6666665,,,,,,2025.1
2024,4,1,1,403,SYRIZA,34020,20.07,71,2023,14.92000007629395,6,,3,3.200000047683716,7.5,6.4000001,2.4000001,1.5,7.0999999,4.1666665,1.75,5.699999809265137,5,4.6666665,2.5714285,2,,3,,2.700000047683716,8.199999809265137,,3.5,,,,1.25,1.25,.5,2.599999904632568,,3.099999904632568,5.400000095367432,2.4000001,2.5555556,5.5714288,,3.1428571,,1.799999952316284,,,,2,5.8333335,2,3.75,5.5,3.4000001,,,,,,,,,4,,,,,,,4.5,,4.5999999,,.66666669,6.8333335,8,7.75,,4,3.75,,,,2025.1
1999,4,1,1,404,KKE,34210,5.6,3.7,1996,8.670000076293945,6,0,1.142857193946838,.8571428656578064,,,,3.428571462631226,,,,1,6.4285712,.71428567,,,,,,,,,,,,,,,,,,,,,,,,,,,,,,,,,,,,,,,,,,3.333333253860474,2.25,,1.799999952316284,,,4.599999904632568,4.666666507720947,3,1.333333373069763,,,,,,,,,,,,,,2025.1
2002,4,1,1,404,KKE,34210,5.5,3.7,2000,8.670000076293945,6,0,.82,.59,,,,6.05,,,,1.36,6.3666668,.50000006,,,,,,,,,,,,,,,,,,,,,,,,,,,,,,,,,,,,,,,,,,3,,1.91,3.2,,5.2,5.36,5.91,4.22,1.86,,,,,,,,,,,,,,2025.1
2006,4,1,1,404,KKE,34210,5.9,4,2004,9.5,6,0,.22,.11,,,,6.14,,,,1,5.9333334,.38,,1.330000042915344,8.710000038146973,.1299999952316284,6.630000114440918,0,9.75,,3.140000104904175,6.710000038146973,6.329999923706055,2.670000076293945,,,,1.879999995231628,3.710000038146973,3.599999904632568,5.670000076293945,,4.25,,,7.75,7.1700001,3.5,4.829999923706055,6.329999923706055,6,,,,,,4.4299998,4,,,0,9.75,,3.13,,1,,,,3.63,,,1.71,2.57,,,,,,,,,,,,,2025.1
2010,4,1,1,404,KKE,34210,7.54,7,2009,8.350000381469727,6,0,.3636363744735718,.0909091234207153,,,,6.090909004211426,,,,1,8.484848,.090909094,,.9090909361839294,8,.0909090936183929,8.363636016845703,.0909090936183929,9.800000190734863,,2.700000047683716,6.909090995788574,5.199999809265137,3.400000095367432,,,,1.454545497894287,2.299999952316284,2.222222328186035,6.900000095367432,,2.7777777,6.5555553,,,,3,5.777777671813965,6.545454502105713,5.099999904632568,5.5,4.5,,,,3.9000001,5.2222223,9.090909,6.3000002,,,3,2.299999952316284,,1,,,,3,,,1.181818127632141,1.625,,,,,,,,,,,,,2025.1
2014,4,1,1,404,KKE,34210,4.5,4,2012,6.1,6,0,.6666666865348816,.1111111119389534,9.1111107,,,5.777777671813965,3.4444444,,,1.111111164093018,6,.66666669,,.875,,0,,.3333333432674408,,.125,5.428571224212646,,6,,,,,.7777777910232544,,2.833333253860474,,,3.8333333,,,5.5555553,,3.142857074737549,,5.800000190734863,,5.5714288,,,,,5.3333335,,9,,,,3,2.142857074737549,,1.333333373069763,,1,,2.333333253860474,,,1.571428537368774,1.285714268684387,,,,,9.7777777,8.625,,,,14,8,17,2025.1
2019,4,1,1,404,KKE,34210,5.3,5,2019,5.35,6,0,.2222222238779068,.1111111119389534,9.1111107,0,.33333334,6.625,3.25,.5,3,1.111111164093018,6.2222223,.16666667,0,.5555555820465088,,0,,.1111111119389534,7.666666507720947,0,3,,4.75,,,,,1,,2.666666746139526,4.5,1.1428572,3.7142856,3.875,.5,5.125,,2.142857074737549,,4.714285850524902,,5.6666665,2,,,9.4285717,3.75,,,,,,,,,1,,1,,3.5,,1.142857193946838,1.25,,,.42857143,1.25,4.4285712,7.8888888,5.4285712,9,,,,,,2025.1
2024,4,1,1,404,KKE,34210,7.23,26,2023,9.25,6,,.5,.4000000059604645,8.6999998,.2,.60000002,7.222222328186035,2.6666667,.83333331,4,1.200000047683716,5.8000002,.66666669,1,1.25,,.3333333432674408,,1.200000047683716,9.699999809265137,,2,,,,3,6.3333335,8.166667,1,,4,3.777777671813965,.625,5.4000001,3.3333333,,6.5714288,,2.75,,,,5.3333335,2,5.3333335,3.3333333,10,5.25,,,,,,,,,1.5,,,,,,,1.5,,10,,.33333334,8.166667,7.25,6,,6,5,,,,2025.1
1999,4,1,1,408,POLA,34512,2.9,0,1996,2.279999971389771,2,0,7.571428775787354,6.714285850524902,,,,7,,,,5.428571224212646,3.9285712,1.25,,,,,,,,,,,,,,,,,,,,,,,,,,,,,,,,,,,,,,,,,,6.333333492279053,7,,5.666666507720947,,,6.599999904632568,6.5,5.666666507720947,6.400000095367432,,,,,,,,,,,,,,2025.1
1999,4,1,1,409,DIKKI,34314,4.4,3,1996,6.849999904632568,6,0,3,2.857142925262451,,,,4.428571224212646,,,,3.142857074737549,4.2857141,.35714298,,,,,,,,,,,,,,,,,,,,,,,,,,,,,,,,,,,,,,,,,,5,5,,3.666666746139526,,,6.199999809265137,6.333333492279053,4.25,2.599999904632568,,,,,,,,,,,,,,2025.1
2006,4,1,1,409,DIKKI,34314,1.8,0,2004,,6,0,1.6,.8,,,,6.67,,,,2.4,4.4333329,1,,.4000000059604645,8,.3300000131130219,5,0,,,,,,,,,,5.329999923706055,6.670000076293945,,,,,,,,,,,,,,,,,,,,,,0,9.6700001,,,,1.67,,,,,,,2.67,,,,,,,,,,,,,,2025.1
2010,4,1,1,409,DIKKI,34314,,,2009,,6,0,5,2.599999904632568,,,,6.666666507720947,,,,1.799999952316284,7.5,1.4,,3,8,.6000000238418579,8,.6000000238418579,9,,5.333333492279053,7.5,7.5,5,,,,6.25,4,4,6,,5.3333335,6,,,,4,,8.666666984558105,5.5,4,6,,,,4,3,8.666667,8,,,2.8,4.5,,2,,,,5.25,,,2.5,1.399999976158142,,,,,,,,,,,,,2025.1
2006,4,1,1,410,LAOS,34710,2.2,0,2004,4.099999904632568,1,0,9.109999999999999,5.33,,,,9.630000000000001,,,,2.38,6.1999998,1.14,,1.5,4.800000190734863,3,3.75,1.5,6.800000190734863,,8.569999694824219,7,9.5,7.289999961853027,,,,9.710000038146973,9.859999656677246,9.75,9.380000114440918,,9.8800001,,,9.8900003,8.29,8.380000114440918,8.630000114440918,5.599999904632568,4.800000190734863,,,,,,4.8000002,3,,,1.29,8.3900003,,5.25,,2.83,,,,5.8,,,3.2,1.29,,,,,,,,,,,,,2025.1
2010,4,1,1,410,LAOS,34710,5.63,5,2009,7.139999866485596,1,0,8.818181991577148,5.909090995788574,,,,9.545454978942871,,,,3.272727251052856,7.5757575,2,,5.636363506317139,5.400000095367432,4.636363506317139,5.900000095367432,4,5.900000095367432,,9.800000190734863,7.818181991577148,9.545454978942871,7.727272510528564,,,,9.545454978942871,9.300000190734863,9.800000190734863,9.545454978942871,,9.6000004,9.090909,,,,9.454545021057129,8.636363983154297,6.300000190734863,4.5,8,2.5454545,,,,5,4.625,5.8888888,5.7777777,,,1.9090909,4.800000190734863,,3.599999904632568,,,,5.400000095367432,,,3.400000095367432,1,,,,,,,,,,,,,2025.1
2014,4,1,1,410,LAOS,34710,1.6,0,2012,2.7,1,0,8.666666984558105,5.333333492279053,7.1111112,,,8.333333015441895,6.7777777,,,3.25,5.375,2.8571429,,5.714285850524902,,4,,5.5,,4.5714288,9.125,,9.222222328186035,,,,,9.333333015441895,,9.333333015441895,,,9.25,,,9.1111107,,9.111110687255859,,5.75,,8.1428576,,,,,7.3333335,,5.2857141,,,,2.1666667,4.75,,4,,2,,4.666666507720947,,,3.571428537368774,1.125,,,,,9,5.8571429,,,,13,9,12,2025.1
2010,4,1,1,411,OP,,2.53,0,2009,3.490000009536743,7,0,2.25,2.625,,,,.625,,,,5.571428775787354,5.8333335,1.7142857,,1,5.857142925262451,2.571428537368774,4.5,1.625,6.599999904632568,,.8571428656578064,8,.5714285969734192,8.285714149475098,,,,.625,5.25,.6666666865348816,7.142857074737549,,.71428573,6.5,,,,1,5.75,4.666666507720947,1.333333373069763,.5,9.5,,,,.75,6.75,5.25,5.25,,,1.875,6.571428775787354,,4,,,,6.428571224212646,,,5.166666507720947,5.400000095367432,,,,,,,,,,,,,2025.1
2014,4,1,1,412,ANEL,34730,7.5,6.6999998,2012,3.5,1,0,8.777777671813965,5.111111164093018,6.8888888,,,8.55555534362793,6.7777777,,,2.222222328186035,4.8888888,3.4444444,,4.800000190734863,,1.799999952316284,,5.166666507720947,,5,9.25,,9.5,,,,,9.625,,9.111110687255859,,,9.2857141,,,9.2222223,,9.111110687255859,,6,,8.4285717,,,,,5,,4.7142859,,,,2.375,3.400000095367432,,2.714285612106323,,1.2222222,,3.5,,,2.333333253860474,1.142857193946838,,,,,9.2222223,7.4285712,,,,12,1,9,2025.1
2014,4,1,1,413,Potami,,,,2012,6.6,5,0,4.888888835906982,5.666666507720947,7.5555553,,,2.111111164093018,5.6666665,,,6,6.6666665,2.3333333,,4.75,,6.428571224212646,,4,,5.25,2.666666746139526,,1.666666626930237,,,,,2.333333253860474,,3.444444417953491,,,2.7777777,,,2.4444444,,2.888888835906982,,3.5,,3.75,,,,,3,,4.7142859,,,,1.1111112,6.428571224212646,,6.333333492279053,,5.75,,6.55555534362793,,,6.285714149475098,4.599999904632568,,,,,5.3333335,8.2222223,,,,13,8,3,2025.1
2014,4,1,1,414,DIMAR,34213,6.3,5.6999998,2012,1.2,5,0,3.222222328186035,3.444444417953491,7.6666665,,,2.555555582046509,5.4444447,,,5.777777671813965,6.4444447,4,,3.625,,3.428571462631226,,2.444444417953491,,2.75,2.222222328186035,,1.555555582046509,,,,,1.888888835906982,,2.777777671813965,,,2.3333333,,,2.5555556,,2.444444417953491,,3.333333253860474,,3.1111112,,,,,2.5,,5.1428571,,,,1.3333334,5.875,,5.888888835906982,,4.75,,6.666666507720947,,,6,4.857142925262451,,,,,4.3333335,7.4444447,,,,13,14,8,2025.1
2014,4,1,1,415,XA,34720,6.9,6,2012,9.4,1,0,9.888889312744141,2.875,5.8888888,,,10,8.2222223,,,1.111111164093018,4.4444447,.44444445,,2,,.8333333134651184,,3,,1.1666666,10,,10,,,,,8.111110687255859,,10,,,10,,,10,,10,,6,,9.3999996,,,,,8.25,,5,,,,3,2,,1.285714268684387,,1,,2.200000047683716,,,1.142857193946838,1,,,,,10,7.75,,,,9,12,1,2025.1
2019,4,1,1,415,XA,34720,2.93,0,2019,4.87,1,0,10,3.375,4.875,2,4.4000001,10,9.125,.5,.5,1.222222208976746,4.125,.80000001,2.6666667,4,,3,,2.75,3.75,2.375,10,,10,,,,,8.25,,9.875,9.875,0,10,7.4285712,0,10,,10,,4.666666507720947,,7.1999998,.71428573,,,9.5714283,7.4000001,,,,,,,,,1.571428537368774,,1,,4.625,,1.375,1.375,,,1.8333334,9.375,6.375,9.5,8.5714283,8,,,,,,2025.1
2019,4,1,1,416,EL,,3.7,3.3,2019,4.18,1,0,9,4.375,4.375,2.6666667,6.5,9.375,8.25,1,1.3333334,2.125,4.375,1.4,7.3333335,4.25,,3.142857074737549,,3.571428537368774,3.857142925262451,3.2857144,9.5,,9.625,,,,,9.375,,9.5,9.25,.5,9.7142859,6.5,.5,9.625,,9.571428298950195,,4.800000190734863,,7.1666665,.85714287,,,9,7.1999998,,,,,,,,,2.166666746139526,,1.5714285,,4.75,,1.714285731315613,1.285714268684387,,,3.5,8.5,6.5714288,8.5,7.1428571,9.666667,,,,,,2025.1
2024,4,1,1,416,EL,,4.45,16,2023,9.300000190734863,1,,8.899999618530273,6.5,5.125,1.3333334,5.5,9.199999809265137,9.3000002,1.3333334,.25,2.555555582046509,4.3333335,1,6,5.666666507720947,,6.333333492279053,,5.833333492279053,4,,9,,,,8.3999996,9,9.833333,9,,9.800000190734863,9.5,.2,9.625,8.125,,9.5714283,,9.800000190734863,,,,6.6666665,1.5,8.333333,1.3333334,10,7.5,,,,,,,,,2,,,,,,,2.5,,9.5,,8,7.6666665,10,6.6666665,,9,,,,,2025.1
2019,4,1,1,417,MR25,,3.44,3,2019,2.99,6,0,1.428571462631226,1.75,8.7142859,2,2.5,.6666666865348816,7.1428571,.5,.60000002,4.625,7.625,1,7,1.571428537368774,,1,,1,7.428571224212646,1.7142857,.6666666865348816,,.6666666865348816,,,,,.8571428656578064,,.6666666865348816,7.666666507720947,2,.83333331,7.3333335,1.1666666,1.5714285,,.800000011920929,,2.599999904632568,,2.8333333,7,,,4.8000002,3.25,,,,,,,,,4.833333492279053,,1.8571428,,6,,4.714285850524902,4.333333492279053,,,.33333334,.66666669,8.2857141,8.7142859,7.5714288,5.5,,,,,,2025.1
2019,4,1,1,418,KIDISO,,.74,.69999999,2019,,5,0,4.199999809265137,4.800000190734863,7.1999998,2,4,3.200000047683716,6.75,2,1.5,6.199999809265137,7.1428571,1.5,1,3.599999904632568,,3.799999952316284,,3.599999904632568,5.25,3.5,1.666666626930237,,2,,,,,2.5,,3.75,6.75,2.3333333,2.8,6.5,2.5,2,,3,,4,,5.5999999,5.8000002,,,4.5999999,3.5,,,,,,,,,6,,5.5,,6,,6,6,,,1.75,2.4000001,3.5,2.8,6,6.6666665,,,,,,2025.1
2024,4,1,1,419,Niki,,0,0,2023,4.369999885559082,10,,9.199999809265137,5.666666507720947,2.8333333,1.5,6.25,9.5,9.3000002,1.1666666,.25,2.777777671813965,3.5555556,1,6.4000001,6,,4.333333492279053,,5.75,2.599999904632568,,9,,,,9.1999998,9.5,10,9.600000381469727,,9.5,8.888889312744141,.33333334,9.625,7.375,,9.7142859,,9.800000190734863,,,,5,1,8,1.3333334,10,7.5,,,,,,,,,2,,,,,,,2.5,,9.5,,6.6666665,6,8.5,3.5,,8,,,,,2025.1
2024,4,1,1,420,PE,,0,0,2023,3.400000095367432,6,,3,2.555555582046509,5.2222223,1.3333334,3.5,3.444444417953491,5.625,1.8,2,3.900000095367432,4.625,1,4.4000001,1.666666626930237,,2.25,,1.75,6.375,,3,,,,1,2,1,3.333333253860474,,2.714285612106323,4.166666507720947,1,3.4000001,5.1666665,,5,,2.75,,,,3,4.5,2.5,5.6666665,,3,,,,,,,,,,,,,,,,2,,6.3333335,,2.5,8.833333,9,7.75,,3,1.3333334,,,,2025.1
2024,4,1,1,421,FL,,0,0,2023,3.039999961853027,1,,9.44444465637207,8,2.5,1.3333334,6,9.399999618530273,9.1111107,1.2,.25,3.333333253860474,4.2222223,.66666669,4.8000002,7.666666507720947,,7.666666507720947,,8.5,2.25,,9.5,,,,9,9.333333,10,9,,9.666666984558105,9.777777671813965,.33333334,9.875,8.25,,9.833333,,9.800000190734863,,,,5.6666665,1.75,9,3.5,,8.5,,,,,,,,,2,,,,,,,3.5,,2.5,,8.5,4.5,7.6666665,3.6666667,,9,,,,,2025.1
2024,4,1,1,422,Spartans,,0,0,2023,,1,,10,5.166666507720947,3.1428571,2,4.5,9.800000190734863,9.1000004,1,.25,3,3,2.5,6.1999998,7,,3.666666746139526,,4.5,3,,9.5,,,,8,9.5,10,7.800000190734863,,10,9.699999809265137,.40000001,9.875,8.125,,9.7142859,,9.800000190734863,,,,7,.33333334,8,.66666669,10,7.5,,,,,,,,,2,,,,,,,1,,9,,9,8.25,10,4.5,,10,,,,,2025.1
1999,5,1,1,501,PSOE,33320,37.6,40.299999,1996,35.33000183105469,5,0,4.125,4.541666507720947,,,,3.916666746139526,,,,6.916666507720947,7.291667,.625,,,,,,,,,,,,,,,,,,,,,,,,,,,,,,,,,,,,,,,,,,5.916666507720947,5.888888835906982,,6.272727489471436,,,6.666666507720947,5.833333492279053,6.272727489471436,6.583333492279053,,,,,,,,,,,,,,2025.1
2002,5,1,1,501,PSOE,33320,34.1,35.700001,2000,35.33000183105469,5,0,4,4.23,,,,3.69,,,,6.69,9.1000004,1.9666667,,,,,,,,,,,,,,,,,,,,,,,,,,,,,,,,,,,,,,,,,,6,,6.09,5.92,,6.15,6.77,6.08,6.25,6.33,,,,,,,,,,,,,,2025.1
2006,5,1,1,501,PSOE,33320,42.6,46.900002,2004,43.5,5,1,3.58,3.92,,,,2.15,,,,7,7.7666664,.76999998,,3.079999923706055,7.079999923706055,3.910000085830688,4.639999866485596,2.829999923706055,6.420000076293945,,2.079999923706055,7.300000190734863,.75,7.360000133514404,,,,1.580000042915344,5,4.300000190734863,6.5,,4.9200001,,,3.5799999,5.4000001,3.200000047683716,6.329999923706055,5,2,,,,,,2.9200001,7.6700001,,,3.5799999,5.27,,6.23,,6.23,,,,6.85,,,6.58,5.73,,,,,,,,,,,,,2025.1
2010,5,1,1,501,PSOE,33320,43.7,48.299999,2008,38.79999923706055,5,1,3.666666507720947,3.5,,,,2.333333253860474,,,,6.75,6.3888893,.91666669,,3.272727251052856,6.727272510528564,3.416666746139526,5.727272510528564,2.833333253860474,6.833333492279053,,3,6.916666507720947,1.090909123420715,7.909090995788574,,,,2.818181753158569,5.199999809265137,4.090909004211426,5.5,,4.4000001,6.5,,,,4.181818008422852,4.363636493682861,4.333333492279053,2.428571462631226,4.5,5,,,,3.2727273,6.6363635,3.3636363,4.1999998,,,1,5,,6.166666507720947,,,,6.727272510528564,,,5.916666507720947,5.333333492279053,,,,,,,,,,,,,2025.1
2014,5,1,1,501,PSOE,33320,28.8,31.4,2011,23,5,0,3.799999952316284,4.111111164093018,8.666667,,,2.200000047683716,7.2222223,,,6.699999809265137,6.9000001,.69999999,,2.5,,3.099999904632568,,2.400000095367432,,3.2,2.900000095367432,,1.200000047683716,,,,,2.5,,3.599999904632568,,,4.25,,,4.3000002,,4.111111164093018,,4.375,,4.2222223,,,,,4,,2.6666667,,,,1,6.300000190734863,,6.300000190734863,,5.2222223,,6.875,,,6.75,5.222222328186035,,,,,3,6.3000002,,,,14,17,13,2025.1
2019,5,1,1,501,PSOE,33320,28,35.200001,2019,32.86,5,1,3.599999904632568,3.799999952316284,7.4666667,3.3333333,3.2222223,2.933333396911621,7.2666669,2.25,2,6.800000190734863,6.8000002,1.5555556,2.3333333,2.266666650772095,,3.5,,2.799999952316284,7.400000095367432,3.3333333,2.866666555404663,,2,,,,,2.599999904632568,,3.933333396911621,5.533333301544189,2.3076923,4.3333335,5.2142859,2.1538463,3.1333334,,3.333333253860474,,3.599999904632568,,3.8,7,,,4.6923075,3.9285715,,,,,,,,,6.199999809265137,,5.5999999,,6.333333492279053,,5.777777671813965,6,,,2.0999999,.84615386,2.7857144,1.1428572,5.7857141,8,,,,,,2025.1
2024,5,1,1,501,PSOE,33320,31.68,121,2023,30.20000076293945,5,,3.8125,3.9375,7.625,2.5,3,2.9375,6.9375,2.8,4.3333335,6.9375,6.5625,.875,1.5,2.375,,4.142857074737549,,3.1875,6.933333396911621,,3.285714387893677,,,,2.375,1.25,.27272728,2.428571462631226,,4.1875,5.5,2.8666666,4.1999998,5,,4.125,,3,,4.285714149475098,,2.5714285,5.1428571,3.125,6.1428571,4.625,3.5999999,,,,,,,,,5,,,,,,,6.199999809265137,,4.4000001,,1,3.4000001,1.25,6.5,,4.5,5.125,,,,2025.1
1999,5,1,1,502,PP,33610,38.8,44.599998,1996,39.7400016784668,2,1,6.625,6.625,,,,6.666666507720947,,,,6.416666507720947,7.083333,.625,,,,,,,,,,,,,,,,,,,,,,,,,,,,,,,,,,,,,,,,,,5.333333492279053,5.44444465637207,,5.727272510528564,,,6.416666507720947,5.333333492279053,5.636363506317139,6.25,,,,,,,,,,,,,,2025.1
2002,5,1,1,502,PP,33610,44.6,52.299999,2000,39.7400016784668,2,1,6.92,7.69,,,,7.62,,,,6.23,7.8666663,1.4555554,,,,,,,,,,,,,,,,,,,,,,,,,,,,,,,,,,,,,,,,,,4.46,,6.18,4.85,,6.46,6.38,4.58,5.33,4.5,,,,,,,,,,,,,,2025.1
2006,5,1,1,502,PP,33610,37.6,42.299999,2004,41.20000076293945,2,0,8,7.92,,,,8.460000000000001,,,,5.92,6.6666665,1.92,,7.079999923706055,6.5,6.730000019073486,6,7.25,4.420000076293945,,8,7.599999904632568,7.829999923706055,5.360000133514404,,,,7.829999923706055,7.599999904632568,6.800000190734863,7,,7.4200001,,,7.0799999,7.4000001,6.400000095367432,7.110000133514404,4.889999866485596,1.889999985694885,,,,,,7.4200001,8,,,8.8299999,6.6399999,,5.69,,6.62,,,,6.54,,,5.33,4.27,,,,,,,,,,,,,2025.1
2010,5,1,1,502,PP,33610,40.1,43.700001,2008,42.09999847412109,2,0,7.333333015441895,7.666666984558105,,,,8.166666984558105,,,,6,5.8333335,1.4166666,,7.636363506317139,6.454545497894287,7.583333492279053,7.090909004211426,6.833333492279053,5.5,,7.666666507720947,6.75,7.818181991577148,5.727272510528564,,,,7.636363506317139,7,7.181818008422852,7.5,,7.6999998,6.625,,,,7.818181991577148,5.454545497894287,4.833333492279053,2.428571462631226,8.1000004,3.5555556,,,,7.4545455,8.1000004,3.909091,4.0999999,,,1,4.333333492279053,,6.5,,,,6.5,,,5.333333492279053,3.777777671813965,,,,,,,,,,,,,2025.1
2014,5,1,1,502,PP,33610,41.9,53.099998,2011,26.1,2,1,7.300000190734863,7.666666507720947,8.7777777,,,8,7.2222223,,,6.800000190734863,6.9000001,.60000002,,7.599999904632568,,7.900000095367432,,7.599999904632568,,7.3000002,8.300000190734863,,7,,,,,7.800000190734863,,8.100000381469727,,,8.25,,,7.1999998,,7.44444465637207,,5.5,,7.375,,,,,7.5,,2.4444444,,,,1,5.666666507720947,,6.699999809265137,,5.5555553,,6.75,,,6.75,4.55555534362793,,,,,1.4,3.4000001,,,,13,5,12,2025.1
2019,5,1,1,502,PP,33610,20.81,26.1,2019,20.15,2,0,8.066666603088379,7.933333396911621,6.4000001,3.6666667,3.3333333,8,6.4000001,2.25,4.3333335,6.466666698455811,6.0666666,2.2222223,2.8333333,8.066666603088379,,7.928571224212646,,7.266666889190674,6,7.5999999,8.266666412353516,,6.933333396911621,,,,,8.399999618530273,,7.599999904632568,6.533333301544189,2.0769231,7.8666668,5.5,1.7692307,8.1999998,,7.733333110809326,,4.933333396911621,,7.3333335,3.6666667,,,3.9230769,7.9285712,,,,,,,,,6.400000095367432,,6,,6.222222328186035,,5,5.777777671813965,,,1.8,2,.9285714,1,2.7857144,8.6428576,,,,,,2025.1
2024,5,1,1,502,PP,33610,33.06,137,2023,34.20000076293945,2,,7.1875,7.25,7.3125,2.2,4.4000001,7,6.7333331,4.4000001,4.3333335,6.4375,5.8125,1.125,1.75,7.75,,7.285714149475098,,6.625,5.866666793823242,,7.142857074737549,,,,5.5,5.5,3.909091,6,,7,7.142857074737549,2.8,7.4666667,6.0666666,,6.375,,6.5,,5,,5.7142859,3.1428571,6.375,4.1428571,3.5,7,,,,,,,,,3,,,,,,,6,,3.2,,3.5,2.5999999,1,7.5,,4.1999998,4.5,,,,2025.1
1999,5,1,1,504,IU,33220,10.5,6,1996,5.769999980926514,6,0,2.125,2.416666746139526,,,,2.541666746139526,,,,3.666666746139526,4.583333,3.645833,,,,,,,,,,,,,,,,,,,,,,,,,,,,,,,,,,,,,,,,,,5.545454502105713,4.75,,5.666666507720947,,,6.363636493682861,5.818181991577148,6.272727489471436,4.227272510528564,,,,,,,,,,,,,,2025.1
2002,5,1,1,504,IU,33220,5.5,2.3,2000,5.769999980926514,6,0,2.46,2.23,,,,2.54,,,,4.38,6.9666662,4.0999999,,,,,,,,,,,,,,,,,,,,,,,,,,,,,,,,,,,,,,,,,,5.85,,3.82,5.75,,6.08,6.92,6.92,5.83,5.36,,,,,,,,,,,,,,2025.1
2006,5,1,1,504,IU,33220,5,1.4,2004,4.099999904632568,6,0,1.92,1.46,,,,1,,,,4.54,4.8333335,3.4200001,,1.090000033378601,7.820000171661377,1.360000014305115,6.090000152587891,1.169999957084656,7.829999923706055,,1.25,7.559999942779541,.5799999833106995,7.449999809265137,,,,.4199999868869781,4.300000190734863,3.5,7,,3.3599999,,,3.5,5.4000001,2.599999904632568,7,4.21999979019165,2.220000028610229,,,,,,2.6700001,7,,,.41999999,6,,5.45,,3.62,,,,6.38,,,4.27,4.71,,,,,,,,,,,,,2025.1
2010,5,1,1,504,IU,33220,3.8,.60000002,2008,3.700000047683716,6,0,1.833333253860474,1.333333253860474,,,,1.166666746139526,,,,4.75,4.4444442,2.9166667,,.9090909361839294,7.727272510528564,.6363636255264282,7.363636493682861,.75,8.833333015441895,,1.75,7.181818008422852,.6363636255264282,7.900000095367432,,,,.6000000238418579,5,2.299999952316284,6.55555534362793,,2.5555556,6.875,,,,1.899999976158142,5.800000190734863,4.333333492279053,2.571428537368774,2.3333333,7.8888888,,,,2.1818182,6.5999999,5.9000001,4.5999999,,,2,4.909090995788574,,4.454545497894287,,,,6.727272510528564,,,4.900000095367432,5.285714149475098,,,,,,,,,,,,,2025.1
2014,5,1,1,504,IU,33220,5,2.3,2011,6.7,6,0,2,1.777777791023254,9,,,1.399999976158142,7.6666665,,,4.599999904632568,5.6999998,3.3333333,,1,,1.100000023841858,,1,,1.2,1.899999976158142,,1.399999976158142,,,,,.8999999761581421,,1.600000023841858,,,2.4285715,,,3.8,,2.333333253860474,,3.875,,2.7777777,,,,,3.0999999,,7.1111112,,,,2,6.125,,3.888888835906982,,2.625,,6.875,,,4,5,,,,,5.5999999,7.5999999,,,,14,13,17,2025.1
2019,5,1,1,504,IU,33220,2.2,1.8,2019,3.36,6,0,1.866666674613953,1.799999952316284,7.5999999,2.6666667,1.4444444,2.200000047683716,6.1999998,1.5714285,1.8333334,5.285714149475098,5.3333335,3.875,3.1666667,.7333333492279053,,1.153846144676208,,1.399999976158142,8.333333015441895,.93333334,1.428571462631226,,1.785714268684387,,,,,.6000000238418579,,2.533333301544189,5.066666603088379,1.6923077,3.2,5.5714288,1.25,3.0666666,,1.600000023841858,,3.333333253860474,,3.2,6.4666667,,,7.2307692,2.5,,,,,,,,,4.400000095367432,,3.2,,6,,4.44444465637207,4,,,.30000001,.83333331,5.9285712,5.4285712,6.3571429,6.0769229,,,,,,2025.1
2024,5,1,1,504,IU,33220,1.98,5,2023,,6,,1.733333349227905,1.600000023841858,7.5999999,1.8,1.8,2.266666650772095,6.0714288,2.2222223,3.2,4.599999904632568,4.7333331,2.125,3,1,,1.571428537368774,,1.600000023841858,8.857142448425293,,1.833333373069763,,,,2.75,2,.090909094,.5714285969734192,,2.266666650772095,5.071428775787354,2.3846154,2.75,4.7692308,,2.25,,2.428571462631226,,3.666666746139526,,2.2857144,5.4285712,2.8571429,6,6.2857141,3.8,,,,,,,,,3,,,,,,,3.200000047683716,,6.75,,.33333334,6.5,4.75,5,,4.5999999,4.5,,,,2025.1
1999,5,1,1,505,CiU,33611,4.6,4.5999999,1996,4.429999828338623,8,0,6.125,6.083333492279053,,,,5.875,,,,6.583333492279053,7.083333,1.25,,,,,,,,,,,,,,,,,,,,,,,,,,,,,,,,,,,,,,,,,,5.909090995788574,5,,5.875,,,6.454545497894287,5.5,5.666666507720947,6.166666507720947,,,,,,,,,,,,,,2025.1
2002,5,1,1,505,CiU,33611,4.2,4.3000002,2000,4.429999828338623,8,0,6.15,7.15,,,,6.23,,,,6.46,8.8000002,1.3666667,,,,,,,,,,,,,,,,,,,,,,,,,,,,,,,,,,,,,,,,,,5.73,,6.09,5.73,,5.45,6.27,5.18,5.7,5.6,,,,,,,,,,,,,,2025.1
2006,5,1,1,505,CiU,33611,3.2,2.9000001,2004,2.549999952316284,8,0,6.25,6.54,,,,6.54,,,,6.31,5.7666669,1.8200001,,6.360000133514404,6.449999809265137,6.269999980926514,5.449999809265137,5.820000171661377,4.579999923706055,,5.75,6.599999904632568,4.920000076293945,4.730000019073486,,,,5.5,5.099999904632568,5.900000095367432,6.329999923706055,,6.75,,,8,7.4400001,3.329999923706055,7.329999923706055,4.889999866485596,2.329999923706055,,,,,,.73000002,9.6700001,,,5.5,4.0900002,,5.58,,6.31,,,,6.58,,,6,4.13,,,,,,,,,,,,,2025.1
2010,5,1,1,505,CiU,33611,3.1,3.0999999,2008,,8,0,6,6.5,,,,6.333333492279053,,,,6.090909004211426,5.757576,1.4545455,,7.181818008422852,5.699999809265137,7,5.909090995788574,6.454545497894287,4.900000095367432,,5.636363506317139,5.636363506317139,5.800000190734863,5.199999809265137,,,,6.300000190734863,5.777777671813965,6.199999809265137,6.888888835906982,,7.5999999,7.1428571,,,,4.111111164093018,7,5.666666507720947,3.571428537368774,6,4,,,,.27272728,9.909091,4.3000002,3.1111112,,,1.3333334,5.272727489471436,,6.090909004211426,,,,6.272727489471436,,,5.909090995788574,3.75,,,,,,,,,,,,,2025.1
2014,5,1,1,505,CiU,33611,4.2,4.5999999,2011,3.6,8,0,6.199999809265137,7,5.5555553,,,6.199999809265137,4.5555553,,,6.300000190734863,6.8000002,1.3333334,,6.5,,6.699999809265137,,6.5,,6.6999998,6.599999904632568,,5.599999904632568,,,,,6.900000095367432,,6.666666507720947,,,7.875,,,8.1000004,,4.625,,5.5,,6.8888888,,,,,.30000001,,4.875,,,,1.2222222,6.375,,6.599999904632568,,5.4444447,,6.75,,,6.25,4.142857074737549,,,,,1.9,3.4000001,,,,12,4,13,2025.1
1999,5,1,1,506,PNV,33902,1.3,1.4,1996,1.450000047683716,8,0,5.75,5.636363506317139,,,,6.25,,,,5.75,5,2.2727273,,,,,,,,,,,,,,,,,,,,,,,,,,,,,,,,,,,,,,,,,,5.099999904632568,3.285714387893677,,4.857142925262451,,,6,5.111111164093018,4.75,4.949999809265137,,,,,,,,,,,,,,2025.1
2002,5,1,1,506,PNV,33902,1.5,2,2000,1.450000047683716,8,0,5.85,5.92,,,,6.58,,,,6.08,6.9666662,1.5777779,,,,,,,,,,,,,,,,,,,,,,,,,,,,,,,,,,,,,,,,,,5.44,,5.67,5.43,,5.71,6.25,5.44,5.89,5,,,,,,,,,,,,,,2025.1
2006,5,1,1,506,PNV,33902,1.6,2,2004,2.549999952316284,8,0,6.17,6,,,,6.42,,,,5.62,4.333333,2.1099999,,5.820000171661377,6.090000152587891,5.900000095367432,4.699999809265137,5.909999847412109,4.449999809265137,,5.449999809265137,6.559999942779541,4.900000095367432,4.300000190734863,,,,6.269999980926514,5.440000057220459,5.630000114440918,5.090000152587891,,6.8000002,,,7.9200001,7.6999998,3.329999923706055,6.889999866485596,5.25,3,,,,,,.55000001,9.8299999,,,5,3.73,,5.56,,6,,,,6.55,,,5.56,4.5,,,,,,,,,,,,,2025.1
2010,5,1,1,506,PNV,33902,1.2,1.7,2008,,8,0,6.083333492279053,6.166666507720947,,,,6.25,,,,5.727272510528564,5.454546,1.4545455,,6.363636493682861,5.5,5.909090995788574,5.363636493682861,5.636363506317139,5,,4.636363506317139,5.727272510528564,5.5,4.699999809265137,,,,6.599999904632568,5.888888835906982,5.55555534362793,5.125,,6.9000001,5.4285712,,,,3.777777671813965,7.111111164093018,6,3.428571462631226,6.875,4.125,,,,.18181819,9.909091,4.875,2.6666667,,,1.3333334,5.181818008422852,,6,,,,6.272727489471436,,,5.727272510528564,3.875,,,,,,,,,,,,,2025.1
2014,5,1,1,506,EAJ/PNV,33902,1.4,1.4,2011,1.8,8,0,6.300000190734863,6.333333492279053,7,,,6.400000095367432,5.1111112,,,6.44444465637207,6.6999998,1.5,,5.599999904632568,,5.800000190734863,,5.599999904632568,,6.125,6,,5.199999809265137,,,,,7.400000095367432,,6.44444465637207,,,7.5714288,,,8.3999996,,4.25,,6.25,,,,,,,1,,4.5714288,,,,1.1111112,6.599999904632568,,6.333333492279053,,5.2857141,,6.75,,,6.125,3.75,,,,,1.9,3.4444444,,,,4,12,13,2025.1
2019,5,1,1,506,PNV,33902,1.56,1.8,2019,2.82,8,0,6,5.800000190734863,6.4285712,3,3.7777777,5.666666507720947,5.2307692,2.1666667,3.5,6.400000095367432,5.6666665,2.3333333,1.6666666,5.133333206176758,,5.416666507720947,,5.333333492279053,6.07692289352417,4.8666668,4.769230842590332,,4.142857074737549,,,,,6.285714149475098,,5.285714149475098,4.333333492279053,1.7272727,5.25,5.4166665,1.8,6.6428571,,3.153846263885498,,5.285714149475098,,4.9166665,4.9230771,,,5.1111112,.71428573,,,,,,,,,6.5,,5.1666665,,6.44444465637207,,4.571428775787354,5.375,,,.1,.40000001,4.1666665,1.1538461,4.6666665,7.5833335,,,,,,2025.1
2024,5,1,1,506,EAJ/PNV,33902,1.12,5,2023,.5400000214576721,8,,6.125,6.199999809265137,6.3571429,2.3333333,2.75,6.199999809265137,4.6923075,2,4.1999998,6.066666603088379,5.2142859,.83333331,3.75,6,,5.666666507720947,,5.5,5.642857074737549,,4.857142925262451,,,,4,4,2.2,6.5,,5.538461685180664,4.692307472229004,2.3636363,6.5,5.9166665,,5.7142859,,3.142857074737549,,5,,4.4285712,5,5.5,4.1666665,5,0,,,,,,,,,6,,,,,,,5.599999904632568,,3.75,,2.5999999,4.3333335,1.5714285,5.5,,3.8,3.8333333,,,,2025.1
1999,5,1,1,507,EA,33903,.5,.30000001,1996,1.450000047683716,8,0,4.208333492279053,4.681818008422852,,,,4.375,,,,5.181818008422852,5,2.25,,,,,,,,,,,,,,,,,,,,,,,,,,,,,,,,,,,,,,,,,,5,3.333333253860474,,5,,,6,5.666666507720947,5,4.5,,,,,,,,,,,,,,2025.1
2002,5,1,1,507,EA,33903,.4,.30000001,2000,1.450000047683716,8,0,4.36,4.88,,,,4.89,,,,6,7.1000004,1.3333334,,,,,,,,,,,,,,,,,,,,,,,,,,,,,,,,,,,,,,,,,,5.33,,5.5,5.4,,5.83,6.5,5.86,6.5,5.75,,,,,,,,,,,,,,2025.1
2006,5,1,1,507,EA,33903,.3,.30000001,2004,,8,0,4.6,4.8,,,,4.4,,,,4.78,3.3333333,2.3299999,,5,5.829999923706055,4.400000095367432,4.670000076293945,4.860000133514404,4.670000076293945,,4.130000114440918,7,3.430000066757202,5.380000114440918,,,,4.21999979019165,4.429999828338623,4.75,4.75,,6.3800001,,,8.1300001,7.1300001,2.859999895095825,7.570000171661377,5.5,3.140000104904175,,,,,,.69999999,9.8000002,,,3.7869999,4.3800001,,4.67,,5.57,,,,6.29,,,5,4.5,,,,,,,,,,,,,2025.1
2010,5,1,1,507,EA,33903,.2,0,2008,,8,0,4,4.333333492279053,,,,4.099999904632568,,,,5,4.4444442,1.6,,3.875,5.5,4.5,4.75,4.285714149475098,5.5,,3.700000047683716,5.5,3,4.888888835906982,,,,3.444444417953491,3.25,4.400000095367432,5.666666507720947,,5.5714288,5,,,,2.571428537368774,7.5,4.800000190734863,2.5,4.8571429,4.8333335,,,,.11111111,9.8888893,5,2.625,,,1.7272727,5,,5.625,,,,6.599999904632568,,,5.857142925262451,4.599999904632568,,,,,,,,,,,,,2025.1
2014,5,1,1,507,EA,33903,.2,.30000001,2011,2.1,8,0,4.333333492279053,4.125,7,,,4.5,5.125,,,6.375,6.8000002,2,,3.599999904632568,,4.111111164093018,,4.777777671813965,,4.1999998,4.44444465637207,,3.777777671813965,,,,,5.111111164093018,,5.833333492279053,,,6.8571429,,,8.333333,,3.166666746139526,,6,,6.1111112,,,,,.8888889,,4.7142859,,,,1.375,6,,5.571428775787354,,3.5,,6.857142925262451,,,5,4.5,,,,,2.25,3.625,,,,4,12,13,2025.1
1999,5,1,1,508,EH,,.7,.60000002,1996,1.450000047683716,8,0,1.272727251052856,1.799999952316284,,,,4.388888835906982,,,,2.900000095367432,2.7499998,1.5,,,,,,,,,,,,,,,,,,,,,,,,,,,,,,,,,,,,,,,,,,4.400000095367432,2.75,,3.333333253860474,,,6.166666507720947,5.5,2.799999952316284,3.214285612106323,,,,,,,,,,,,,,2025.1
1999,5,1,1,510,PAR,33904,.200000002980232,0,1996,,8,0,6.181818008422852,6.272727489471436,,,,5.958333492279053,,,,6.099999904632568,5,.625,,,,,,,,,,,,,,,,,,,,,,,,,,,,,,,,,,,,,,,,,,5.666666507720947,5.5,,5.599999904632568,,,6.625,5.833333492279053,5.599999904632568,5.699999809265137,,,,,,,,,,,,,,2025.1
1999,5,1,1,511,ERC,33905,.7,.30000001,1996,,8,0,3.041666746139526,3.454545497894287,,,,3.375,,,,4.5,3.9999998,1.7500001,,,,,,,,,,,,,,,,,,,,,,,,,,,,,,,,,,,,,,,,,,5.25,4.400000095367432,,5.666666507720947,,,5.727272510528564,5.714285850524902,5.125,4.785714149475098,,,,,,,,,,,,,,2025.1
2006,5,1,1,511,ERC,33905,2.5,2.3,2004,2.450000047683716,8,0,2.18,2.36,,,,2.09,,,,4.46,3.6666663,4,,2.299999952316284,6.199999809265137,2.440000057220459,4.329999923706055,3.5,5.099999904632568,,3,6.75,1.330000042915344,5.440000057220459,,,,1.100000023841858,4.630000114440918,5.329999923706055,5.699999809265137,,6.5,,,8,7.5599999,2.380000114440918,7.75,5.570000171661377,2.880000114440918,,,,,,.60000002,9.9099998,,,1.3,4,,4.88,,4.18,,,,6.18,,,4.38,4,,,,,,,,,,,,,2025.1
2010,5,1,1,511,ERC,33905,1.2,.89999998,2008,,8,0,3,2.75,,,,2,,,,5.272727489471436,4.545454,2.2727273,,2.400000095367432,6.400000095367432,2.272727251052856,4.909090995788574,2.454545497894287,5.699999809265137,,2.727272748947144,5.636363506317139,1.299999952316284,6.099999904632568,,,,1.399999976158142,4.55555534362793,4.199999809265137,6.125,,5.5999999,6.4285712,,,,2.666666746139526,6.599999904632568,5.333333492279053,2.571428537368774,3,5,,,,.18181819,9.909091,5.8000002,2.6666667,,,1.75,5,,4.5,,,,6.363636493682861,,,5.300000190734863,4.428571224212646,,,,,,,,,,,,,2025.1
2014,5,1,1,511,ERC,33905,1.1,.89999998,2011,4,8,0,3.666666746139526,3.625,5.2222223,,,2.111111164093018,5.3333335,,,5.55555534362793,6.5,2.7777777,,3.5,,2.555555582046509,,2.900000095367432,,3,3,,1.600000023841858,,,,,1.700000047683716,,3.666666746139526,,,6.125,,,8.3000002,,2.375,,5.5,,5.4285712,,,,,.1,,5.8571429,,,,1.6666666,6.142857074737549,,4.75,,3.2857144,,6.714285850524902,,,4.571428775787354,4.666666507720947,,,,,4.2222223,4.6666665,,,,12,4,13,2025.1
2019,5,1,1,511,ERC,33905,3.61,3.8,2019,5.58,8,.5,3.200000047683716,3.400000095367432,4.9333334,4,3.5555556,2.866666555404663,5.1538463,1.8571428,3.1666667,5.533333301544189,6.1333332,3.8888888,2.5,3.133333444595337,,3.166666746139526,,3,6.285714149475098,3.5,3.142857074737549,,2.428571462631226,,,,,2.200000047683716,,3.428571462631226,4.133333206176758,1.3333334,4,4.5833335,1.3636364,6.2142859,,1.428571462631226,,4,,3.7692308,4.2142859,,,6,.21428572,,,,,,,,,5.285714149475098,,4.3333335,,6.111111164093018,,4.714285850524902,4.199999809265137,,,1.1,.27272728,7.3571429,4.7692308,4.3076925,6.8461537,,,,,,2025.1
2024,5,1,1,511,ERC,33905,1.89,7,2023,1.629999995231628,8,,3.400000095367432,2.857142925262451,5.5333333,2.4444444,3.3333333,2.571428537368774,5.2142859,1.4285715,3.5999999,5.714285850524902,4.8461537,1.5,3,2.571428537368774,,3.5,,3.333333253860474,6.428571224212646,,2.666666746139526,,,,2.5714285,2,.2,1.285714268684387,,3.285714387893677,4.357142925262451,2.9000001,4.6428571,5.0769229,,5.1428571,,2.857142925262451,,4.166666507720947,,2.5714285,5.3333335,3.4000001,5,5.6666665,0,,,,,,,,,6,,,,,,,4.599999904632568,,5.6666665,,1.2,6,4.375,2.5,,5,4.5714288,,,,2025.1
1999,5,1,1,512,UV,,.4,.30000001,1996,,8,0,6.041666507720947,5.727272510528564,,,,5.875,,,,6.222222328186035,5.9375,1.0714287,,,,,,,,,,,,,,,,,,,,,,,,,,,,,,,,,,,,,,,,,,5.333333492279053,5,,5.599999904632568,,,6.5,5.833333492279053,5.833333492279053,5.5,,,,,,,,,,,,,,2025.1
1999,5,1,1,513,BNG,33908,.9,.60000002,1996,1.649999976158142,8,0,3.125,3,,,,3.083333253860474,,,,4.727272510528564,3.958333,2.1875,,,,,,,,,,,,,,,,,,,,,,,,,,,,,,,,,,,,,,,,,,6.199999809265137,6.199999809265137,,5.400000095367432,,,6.55555534362793,6,6,4.5,,,,,,,,,,,,,,2025.1
2002,5,1,1,513,BNG,33908,1.3,.89999998,2000,1.649999976158142,8,0,3.25,3.25,,,,3.73,,,,5.67,6.3000002,1.9000001,,,,,,,,,,,,,,,,,,,,,,,,,,,,,,,,,,,,,,,,,,5,,4.8,5.5,,6.33,6.36,6.14,6.25,5.5,,,,,,,,,,,,,,2025.1
2006,5,1,1,513,BNG,33908,.8,.60000002,2004,,8,0,2.36,2.18,,,,2,,,,4.5,3.6999996,2.5699999,,1.700000047683716,6.5,2.130000114440918,5.25,2.450000047683716,5.5,,2.599999904632568,6.380000114440918,1.669999957084656,5.199999809265137,,,,1.600000023841858,3.880000114440918,4.440000057220459,5,,5.4000001,,,7.4000001,7.3299999,2.380000114440918,7.5,6.139999866485596,3.380000114440918,,,,,,.89999998,9.5,,,1.4,4.1300001,,4.63,,4.33,,,,6.63,,,4.6,4.2,,,,,,,,,,,,,2025.1
2010,5,1,1,513,BNG,33908,.8,.60000002,2008,,8,0,2.363636255264282,2.090909004211426,,,,1.727272748947144,,,,4.818181991577148,3.6666663,2.125,,1.777777791023254,6.75,1.600000023841858,5,2,6.5,,3.272727251052856,5.699999809265137,1.100000023841858,6.222222328186035,,,,1.333333373069763,3.875,3.400000095367432,6.400000095367432,,4.125,5.6666665,,,,1.714285731315613,7.375,4.199999809265137,3.200000047683716,2.5714285,6.6666665,,,,.40000001,9.8000002,5.6666665,2.75,,,2,4.900000095367432,,4.333333492279053,,,,6.727272510528564,,,5.142857074737549,4.75,,,,,,,,,,,,,2025.1
2014,5,1,1,513,BNG,33908,.8,.60000002,2011,0,8,0,2.444444417953491,2.125,6.6666665,,,1.777777791023254,5.875,,,5,6,2.5714285,,1.888888835906982,,1.555555582046509,,1.799999952316284,,1.9,2.444444417953491,,1.444444417953491,,,,,1.666666626930237,,2.400000095367432,,,4,,,8.375,,1.875,,6.25,,3.875,,,,,.69999999,,6.125,,,,2,6.25,,4.5,,2.5,,7,,,3.833333253860474,4.5,,,,,5.4285712,5.6666665,,,,4,12,14,2025.1
2019,5,1,1,513,BNG,33908,.5,.30000001,2019,,8,0,3.142857074737549,2.923076868057251,5.2222223,2,2.4000001,3.083333253860474,4.625,1.8,3,5.545454502105713,4.5,2,3.5,3.083333253860474,,3.272727251052856,,2.916666746139526,6.400000095367432,3.3636363,3.181818246841431,,2.599999904632568,,,,,1.899999976158142,,3.555555582046509,4,1.125,3.3,5,1,6,,1.600000023841858,,5.166666507720947,,3.7777777,5.1111112,,,6.625,.66666669,,,,,,,,,5.666666507720947,,4.1999998,,6.222222328186035,,4.333333492279053,4,,,.1,.33333334,6.6666665,2.8571429,5,7.125,,,,,,2025.1
2024,5,1,1,513,BNG,33908,.62,1,2023,1.629999995231628,8,,2.6875,2.733333349227905,5.6666665,1.5714285,2,2.533333301544189,4.6363635,1.5,2.75,5.333333492279053,4.4285712,1.4,3.25,2.125,,2.666666746139526,,2.6875,7,,2.142857074737549,,,,2.5714285,2.5,.22222222,.6666666865348816,,3,4,2.3636363,3.9000001,5.5454545,,4.8571429,,2.5,,5,,2.8571429,5.3333335,3.2857144,5.1666665,6.4285712,0,,,,,,,,,4,,,,,,,4.400000095367432,,6.5,,.40000001,6.75,3.5,4.5,,3.2,4.1666665,,,,2025.1
1999,5,1,1,514,VERDE,,.25,0,1996,,7,0,2.888888835906982,2.375,,,,1.888888835906982,,,,5.875,6.0714288,3.75,,,,,,,,,,,,,,,,,,,,,,,,,,,,,,,,,,,,,,,,,,5.599999904632568,6,,6,,,6.571428775787354,6.75,6.166666507720947,4.5,,,,,,,,,,,,,,2025.1
2002,5,1,1,516,PA,33906,.9,.30000001,2000,,8,0,5.2,4.86,,,,4.43,,,,6.3,7.1000004,1.1111112,,,,,,,,,,,,,,,,,,,,,,,,,,,,,,,,,,,,,,,,,,5.5,,5.5,5.8,,6.83,7,5.67,6,5.67,,,,,,,,,,,,,,2025.1
1999,5,1,1,517,CC,33907,.9,1.1,1996,1.600000023841858,8,0,5.666666507720947,5.599999904632568,,,,5.708333492279053,,,,6,5.25,1.9444444,,,,,,,,,,,,,,,,,,,,,,,,,,,,,,,,,,,,,,,,,,6,4.5,,5.833333492279053,,,6.666666507720947,5.142857074737549,5.833333492279053,5.583333492279053,,,,,,,,,,,,,,2025.1
2002,5,1,1,517,CC,33907,1.1,1.1,2000,1.600000023841858,8,0,5.91,6,,,,5.7,,,,6.18,6.9999995,2.0888891,,,,,,,,,,,,,,,,,,,,,,,,,,,,,,,,,,,,,,,,,,5.43,,5.67,5.8,,6.43,6.88,5.86,6,5.8,,,,,,,,,,,,,,2025.1
2006,5,1,1,517,CC,33907,.9,.89999998,2004,,8,0,6.36,6.1,,,,5.9,,,,5.27,4.8000002,1.5700001,,5.889999866485596,5.75,5.139999866485596,4.860000133514404,5.440000057220459,4.110000133514404,,5.289999961853027,6,4.289999961853027,4.25,,,,5,3.880000114440918,6.380000114440918,7.090000152587891,,6.3800001,,,6.9000001,6.6700001,3.710000038146973,7.880000114440918,5,2.880000114440918,,,,,,1.5,9.3000002,,,4.6700001,3.3299999,,4.86,,5.67,,,,6.75,,,5.86,4.4,,,,,,,,,,,,,2025.1
2010,5,1,1,517,CC,33907,.6,.60000002,2008,,8,0,6.181818008422852,6,,,,6,,,,5.599999904632568,4.0740743,1.3333334,,6,5.666666507720947,5.333333492279053,5.222222328186035,5.199999809265137,4.900000095367432,,5.181818008422852,5.090909004211426,5.375,4.400000095367432,,,,5,3.777777671813965,5.571428775787354,8,,6.2857141,6.4285712,,,,3.428571462631226,7,5.199999809265137,3.200000047683716,6.3333335,4.2857141,,,,1.2,9.1000004,4.5,2.4444444,,,1.6666666,4.75,,5.454545497894287,,,,6.727272510528564,,,5.75,4.199999809265137,,,,,,,,,,,,,2025.1
2014,5,1,1,517,CC,33907,.6,.60000002,2011,0,8,0,6,6.375,7.2222223,,,5.25,5.7777777,,,6.375,6.6666665,1.3333334,,5.571428775787354,,6.375,,5.875,,5.7777777,6,,5.142857074737549,,,,,5.142857074737549,,6.44444465637207,,,6.5714288,,,6.875,,5.125,,5.666666507720947,,3.4285715,,,,,2.5,,4.6666665,,,,1,6.400000095367432,,6.166666507720947,,4.8333335,,7,,,6.666666507720947,4.666666507720947,,,,,1.8571428,4.2857141,,,,4,13,12,2025.1
2019,5,1,1,517,CC,33907,.51,.60000002,2019,,8,0,6.714285850524902,6.357142925262451,6.75,4.6666665,2.8333333,6.307692527770996,5.0999999,1.75,4,6.384615421295166,5.7272725,2.8,2,6.333333492279053,,6.083333492279053,,5.75,6.181818008422852,6,6.083333492279053,,4.363636493682861,,,,,5.5,,6.545454502105713,5.909090995788574,2.2222223,6.25,5.2727275,1.8888888,6.090909,,3.599999904632568,,5.333333492279053,,5.4545455,4.9000001,,,5.5999999,2,,,,,,,,,6.142857074737549,,4.8333335,,6.222222328186035,,4.142857074737549,5,,,.1,.44444445,3.5999999,2,3.7,7.8888888,,,,,,2025.1
2024,5,1,1,517,CC,33907,.47,1,2023,.5400000214576721,8,,6,5.866666793823242,5.0833335,1.75,3.5,6.166666507720947,4.4000001,2.2857144,4,5.857142925262451,5.0769229,1.3333334,4.2857141,6,,5.400000095367432,,5.285714149475098,5.666666507720947,,3.5,,,,5,4.3333335,2,4.599999904632568,,6.384615421295166,7.333333492279053,2.909091,6.1111112,6.5454545,,5.4000001,,3.857142925262451,,4.400000095367432,,4.25,4.8000002,4.8000002,3.8,5,.75,,,,,,,,,,,,,,,,5.599999904632568,,4.5,,4.25,5,1.6,2,,4.4000001,4.6666665,,,,2025.1
1999,5,1,1,518,IC,,,,1996,,8,0,3.208333253860474,3.272727251052856,,,,3.125,,,,5.5,4.791667,.74999988,,,,,,,,,,,,,,,,,,,,,,,,,,,,,,,,,,,,,,,,,,6.111111164093018,5.666666507720947,,5.571428775787354,,,6.400000095367432,6,5.55555534362793,5.1875,,,,,,,,,,,,,,2025.1
2014,5,1,1,518,ICV,,1.3,.60000002,2011,1.7,7,0,2.111111164093018,2,7.4444447,,,.8888888955116272,7.5,,,4.800000190734863,5.4000001,2.8888888,,1.375,,1.299999952316284,,1.600000023841858,,1.3,1.777777791023254,,.800000011920929,,,,,.8888888955116272,,1.700000047683716,,,2.875,,,5.0999999,,1.555555582046509,,4,,5.4285712,,,,,1.7,,7,,,,1.6666666,5.857142925262451,,4,,2.1428571,,6.857142925262451,,,4.285714149475098,4.833333492279053,,,,,5.0999999,7.4444447,,,,13,14,4,2025.1
1999,5,1,1,519,PSC,,,,1996,,5,0,4.208333492279053,4.227272510528564,,,,3.708333253860474,,,,6.5,6.458333,.83333343,,,,,,,,,,,,,,,,,,,,,,,,,,,,,,,,,,,,,,,,,,6,6.142857074737549,,5.875,,,6.545454502105713,6,6.222222328186035,5.849999904632568,,,,,,,,,,,,,,2025.1
2006,5,1,1,520,CHA,33909,.4,.30000001,2004,,8,0,2.75,2.38,,,,1.88,,,,5,2.9333334,2.4000001,,1.669999957084656,6.5,2.170000076293945,5.329999923706055,2.430000066757202,5.130000114440918,,3.140000104904175,6.800000190734863,2.140000104904175,5.139999866485596,,,,2.630000114440918,3.670000076293945,4.710000038146973,5.380000114440918,,4.71,,,6.5700002,6.4299998,3.170000076293945,7,6.670000076293945,4.570000171661377,,,,,,2.2,8.6999998,,,2.3800001,3.4300001,,4.8,,4.29,,,,6.13,,,4.4,5,,,,,,,,,,,,,2025.1
2010,5,1,1,520,CHA,33909,.15,0,2008,,8,0,2.900000095367432,2.555555582046509,,,,2,,,,5,3.3333333,1.5,,1.857142806053162,6.142857074737549,2.285714387893677,5.5,2,6.285714149475098,,3.555555582046509,6,1,7.142857074737549,,,,1.571428537368774,3.857142925262451,4,6.199999809265137,,3.3333333,5.8000002,,,,2.142857074737549,6.714285850524902,5.199999809265137,3.400000095367432,1.8333334,6.5714288,,,,1.1,9,5.3333335,3.125,,,1.8333334,4.714285850524902,,4.714285850524902,,,,7,,,5.5,4.75,,,,,,,,,,,,,2025.1
2010,5,1,1,521,CpE,,,,2008,5.099999904632568,8,0,5.400000095367432,5.400000095367432,,,,5.400000095367432,,,,5,6,1.3333334,,6.333333492279053,6,5.800000190734863,4.400000095367432,5.5,5.25,,5.25,5.25,4.25,4.25,,,,4.25,4.666666507720947,5,6,,6.5,7,,,,2,7.75,4.5,1,6,4,,,,.2,10,4.5,1,,,2.5454545,5.599999904632568,,6.199999809265137,,,,6.285714149475098,,,6.25,4,,,,,,,,,,,,,2025.1
2010,5,1,1,522,EdP-V,,,,2008,2.5,8,0,2.857142925262451,3,,,,2.166666746139526,,,,5.5,5.5555558,1,,2.25,6.5,3.333333253860474,5,3,6.800000190734863,,4.199999809265137,5.599999904632568,2,5.199999809265137,,,,2.200000047683716,4.75,2.5,6,,3.3333333,6,,,,1.75,7,3.333333253860474,3.333333253860474,1.6,8,,,,1.3333334,8,4,2.75,,,1.3333334,5.666666507720947,,5.5,,,,6.5,,,5.800000190734863,4.666666507720947,,,,,,,,,,,,,2025.1
2010,5,1,1,523,UPyD,33440,1.2,.30000001,2008,2.900000095367432,9,0,5.545454502105713,4.636363506317139,,,,3.545454502105713,,,,5.27273,3.3333333,.83333331,,4.111111164093018,4.777777671813965,3.900000095367432,4.888888835906982,4,4.222222328186035,,5.363636493682861,6.599999904632568,3.333333253860474,5.44444465637207,,,,3,4,5.888888835906982,5.875,,5.1428571,5.8333335,,,,7.111111164093018,5.666666507720947,3.333333253860474,2.333333253860474,5.1666665,3.7142856,,,,8.1000004,8.333333,4,3,,,1.5,5.666666507720947,,5.5,,,,6.5,,,5.800000190734863,4.666666507720947,,,,,,,,,,,,,2025.1
2014,5,1,1,523,UPyD,33440,4.8,1.4,2011,6.5,3,0,5.666666507720947,6,7.4444447,,,3.111111164093018,5.7777777,,,6.666666507720947,6.8000002,.8888889,,4.55555534362793,,5.333333492279053,,4.666666507720947,,4.6999998,5,,3.111111164093018,,,,,3,,5.25,,,5.1666665,,,5.25,,5.666666507720947,,3.857142925262451,,1.6666666,,,,,8.1000004,,3.8333333,,,,1,6.571428775787354,,6,,4.875,,6.75,,,6.666666507720947,5.25,,,,,6.7777777,8,,,,3,4,1,2025.1
2014,5,1,1,524,Amaiur,33092,1.2,1.7,2011,,8,0,1.888888835906982,1.142857193946838,5.8888888,,,2.142857074737549,5.875,,,4.714285850524902,6.1999998,2.2,,2.25,,1.285714268684387,,1.666666626930237,,1.375,1.714285731315613,,1.555555582046509,,,,,2.125,,3.333333253860474,,,5.4000001,,,8.4444447,,1.666666626930237,,5.857142925262451,,5.2857141,,,,,.11111111,,8.166667,,,,2.3333333,5,,3.666666746139526,,2,,6.800000190734863,,,3,4.666666507720947,,,,,5.375,5.75,,,,12,4,7,2025.1
2019,5,1,1,524,EHB,33092,1.14,1.5,2019,,8,0,1.285714268684387,1.466666698455811,5.3636365,1.25,1.8571428,1.75,5.5,1.1666666,2,4.5,4.7272725,1.3333334,3.8333333,1.5,,1.583333373069763,,1.916666626930237,6.363636493682861,1.5,1.5,,2,,,,,.3636363744735718,,2.363636255264282,4.272727489471436,1.1,2.9000001,4.2222223,.8888889,6.25,,.9166666865348816,,4.818181991577148,,2.4000001,6,,,6.7777777,.2857143,,,,,,,,,4.666666507720947,,3.6666667,,6.111111164093018,,4.571428775787354,3.200000047683716,,,.1,.1,8.0714283,5.5,5.5,5.8888888,,,,,,2025.1
2024,5,1,1,524,EHB,33092,1.36,6,2023,1.629999995231628,8,,2.375,2.5,5.75,2.1111112,1.4,2.200000047683716,5.4666667,1.5,2.8,5.066666603088379,4.8571429,1.8333334,2.5714285,1.75,,2.666666746139526,,2.4375,6.933333396911621,,2.428571462631226,,,,2.4285715,2.25,.2,.6666666865348816,,3,4.285714149475098,1.7272727,4,5.3333335,,5,,2.625,,4.857142925262451,,2.5714285,6,2.5714285,5,6.6666665,0,,,,,,,,,5,,,,,,,4.199999809265137,,7,,.2,6.75,4,4.5,,4,4.5,,,,2025.1
2014,5,1,1,525,Podemos,33210,,,2011,8,6,0,1.666666626930237,1.25,8.7777777,,,1.75,6.8888888,,,4.44444465637207,6.1999998,2.6666667,,1.142857193946838,,1,,.75,,.77777779,1.375,,1.125,,,,,.75,,1.399999976158142,,,1.5,,,6,,2.666666746139526,,3.599999904632568,,3.5,,,,,2.625,,7.5,,,,2.3333333,6,,3.5,,1.5,,7,,,3.428571462631226,4.666666507720947,,,,,10,9.7777777,,,,1,3,14,2025.1
2019,5,1,1,525,Podemos,33210,8.81,7.5999999,2019,5.04,6,.5,1.933333277702332,2.133333444595337,7.7333331,3.3333333,2.7777777,1.333333373069763,7.4666667,1,1.8333334,5.266666889190674,5.4666667,3.3333333,4,.7333333492279053,,1,,1.666666626930237,8.399999618530273,1.2,1.200000047683716,,1.266666650772095,,,,,.4666666686534882,,1.733333349227905,6.199999809265137,1.6153846,2.2666667,6.2857141,1.3846154,2.5999999,,1.200000047683716,,2.076923131942749,,2.2666667,7.6666665,,,7.3846154,2,,,,,,,,,4.599999904632568,,3.0999999,,5.666666507720947,,4.888888835906982,4.142857074737549,,,.2,1.2857143,8.0714283,7.2857141,7.5,6.2857141,,,,,,2025.1
2024,5,1,1,525,Podemos,33210,1.59,4,2023,3.299999952316284,6,,1.5625,1.625,7.5625,1.8,1.3333334,1.4375,7.9375,1.3,2.1666667,4.6875,4.8125,2,3.25,1.125,,1.714285731315613,,1.6875,8.866666793823242,,1.571428537368774,,,,2,.25,0,.5714285969734192,,1.5625,5.800000190734863,2,2.3333333,5.7142859,,2.375,,2.125,,3.142857074737549,,2,5.7142859,2.375,7,6.75,3,,,,,,,,,3,,,,,,,3.200000047683716,,8,,.16666667,8.1999998,7.375,4.5,,4.3333335,5.125,,,,2025.1
2014,5,1,1,526,Cs,33420,,,2011,3.2,3,0,5.55555534362793,6.5,6.3333335,,,3.222222328186035,5.7777777,,,6.666666507720947,6.5999999,.85714287,,5.125,,6.111111164093018,,5.75,,5.75,5.333333492279053,,2.888888835906982,,,,,3.111111164093018,,6.25,,,6,,,5,,6.166666507720947,,3.857142925262451,,4.1999998,,,,,7,,4,,,,1,6.833333492279053,,6.166666507720947,,5,,6.75,,,6.714285850524902,4.666666507720947,,,,,6.3333335,8.2222223,,,,3,12,1,2025.1
2019,5,1,1,526,Cs,33420,6.8,2.9000001,2019,12.18,3,0,7.199999809265137,7.400000095367432,6.4000001,4.6666665,3.6666667,5.466666698455811,6.1999998,2.625,5.6666665,6.733333110809326,6.3333335,2.3333333,2.8333333,8,,8.230769157409668,,6.533333301544189,6.214285850524902,7.8666668,6.769230842590332,,4.133333206176758,,,,,4.199999809265137,,6.428571224212646,5.599999904632568,2.4615386,6.6428571,5,2.6923077,7,,6.571428775787354,,2.533333301544189,,6.7142859,3.7857144,,,3.1666667,8.1428576,,,,,,,,,6.333333492279053,,5.8000002,,6.111111164093018,,4.714285850524902,6.125,,,.60000002,.92307693,1.7857143,1.6153846,5.2857141,8.5714283,,,,,,2025.1
2019,5,1,1,527,Vox,33710,15.08,15.2,2019,6.21,1,0,9.714285850524902,9.333333015441895,4.2666669,3,2.1111112,9.666666984558105,8.2666664,.375,4,3.266666650772095,5.1333332,2,4.1666665,9.214285850524902,,9,,8.333333015441895,5.599999904632568,8.4666662,9.800000190734863,,9,,,,,9.466666221618652,,9.800000190734863,9.533333778381348,.23076923,8.666667,8.7857141,.38461539,9.7333336,,9.666666984558105,,6.066666603088379,,8.8000002,3.0666666,,,6.4166665,9.8571424,,,,,,,,,3.375,,3,,5.25,,1.5,3.375,,,.69999999,7.0714288,1.7857143,6.4285712,5.2307692,9.5,,,,,,2025.1
2024,5,1,1,527,Vox,33710,12.38,33,2023,9.600000381469727,1,,9.375,9,5.5625,2.8,4.1666665,9.5,8.5625,1.4,1.8333334,3.0625,5.6875,2,4.875,9.625,,8.714285850524902,,8.5625,6.066666603088379,,9.857142448425293,,,,8.625,7.5,8,8.285714149475098,,9.6875,9.533333778381348,.80000001,9.9333334,8.8000002,,9.625,,9.375,,7.571428775787354,,9.2857141,6.8571429,9,4.4285712,6.875,10,,,,,,,,,1,,,,,,,4.199999809265137,,2.4000001,,8.833333,4.8000002,7.75,6.5,,6,5.5,,,,2025.1
2019,5,1,1,528,Pais,33710,2.4,.89999998,2019,,7,0,2.733333349227905,2.799999952316284,7,1.4,2.2857144,1.666666626930237,7.4615383,1.2857143,1.6666666,5.866666793823242,5.5714288,2.625,2,1.799999952316284,,2,,2.333333253860474,7.071428775787354,2.2,1.714285731315613,,1.615384578704834,,,,,1.266666650772095,,2.285714387893677,5.230769157409668,1.1538461,2.6428571,5.3076925,1.0833334,2,,1.785714268684387,,2.153846263885498,,2.0666666,8.5714283,,,6.4545455,2.7857144,,,,,,,,,5,,3.6666667,,6,,5.571428775787354,4.714285850524902,,,.1,1.1666666,6.6923075,6.5833335,6.6428571,7.25,,,,,,2025.1
2019,5,1,1,550,PdeCat,,2.19,2.3,2019,4.54,8,0,6.666666507720947,6.866666793823242,4.2857141,3.5,4.3333335,5.866666793823242,5.0769229,2.4285715,5.5,5.133333206176758,6.6666665,3.5555556,3.3333333,6.733333110809326,,6.538461685180664,,6.214285850524902,5.142857074737549,6.2142859,5.384615421295166,,4.642857074737549,,,,,6.153846263885498,,5.357142925262451,4.230769157409668,1.75,6.6153846,4.5384617,2.090909,7.4285712,,3.642857074737549,,5.571428775787354,,6.0714288,3.2857144,,,5,.5,,,,,,,,,5.428571224212646,,4.5714288,,6,,4.571428775787354,4.666666507720947,,,1.1,.63636363,6.4615383,4.75,3,7.8333335,,,,,,2025.1
2024,5,1,1,550,Junts,,1.6,7,2023,2.519999980926514,8,,6.599999904632568,6.333333492279053,4.4285712,3.4444444,4.6666665,5.928571224212646,3.8461537,2.1428571,3.5999999,5.642857074737549,5.1538463,1.1666666,3.2857144,7,,6.166666507720947,,6.266666889190674,5,,5.833333492279053,,,,4.1428571,4.6666665,2.0999999,4.666666507720947,,6.857142925262451,6.153846263885498,3.090909,7.6153846,6.1666665,,6.5714288,,4.285714149475098,,5.5,,4.2857141,4.8333335,5.8000002,3.5999999,5.6666665,0,,,,,,,,,6,,,,,,,4.800000190734863,,4.6666665,,4.1999998,6,4.875,4.5,,6.1999998,4.7142859,,,,2025.1
2024,5,1,1,551,Sumar,,8.76,22,2023,4.699999809265137,6,,2.3125,2.266666650772095,7.5,2.9000001,2,1.200000047683716,7.875,1.8,3.1666667,5.375,4.8125,2.25,3.125,1.375,,2.285714387893677,,2.0625,8.600000381469727,,2,,,,2.125,.25,0,.7142857313156128,,2.3125,5.666666507720947,1.8571428,2.5999999,5.4285712,,2.125,,2.25,,3.571428537368774,,1.7142857,6.5714288,1.5,7.4285712,6.375,3.5999999,,,,,,,,,4,,,,,,,4.199999809265137,,6.5999999,,.16666667,7.5999999,5.5,5.5,,4.1666665,4.625,,,,2025.1
2024,5,1,1,552,Salf,,0,0,2023,4.579999923706055,1,,8.933333396911621,8.428571701049805,3.5333333,1.125,4.8000002,8.428571701049805,7,.85714287,1.4,2.799999952316284,5.2666669,.60000002,4.5714288,9,,9,,8.307692527770996,6.615384578704834,,8.600000381469727,,,,7.8333335,6.6666665,6.5,9.333333015441895,,9.384614944458008,8.642857551574707,.9285714,9.6153851,9.0769234,,9,,8.857142448425293,,4.5,,9,6.8333335,8.5,4,7,8,,,,,,,,,1,,,,,,,3,,3,,7.6666665,9,8.875,5,,6,6.3333335,,,,2025.1
2024,5,1,1,553,UPN,,.21,1,2023,.5400000214576721,8,,7.625,7.071428775787354,5.6923075,2,3.25,7.230769157409668,5.1666665,1.5714285,3.2,5.916666507720947,4.4615383,1.2,3.8333333,7.571428775787354,,6.199999809265137,,6.599999904632568,5,,7.599999904632568,,,,6.1428571,5,4.375,7.833333492279053,,6.769230842590332,5.583333492279053,2.3333333,7.3636365,6,,7.1428571,,4.428571224212646,,5.5,,6,4.4000001,5.4000001,4.1666665,4.5714288,3.25,,,,,,,,,,,,,,,,5.599999904632568,,4.25,,5.5999999,2,1.3333334,2,,3,4,,,,2025.1
1999,6,1,1,601,PCF,31220,9.9,6.4000001,1997,6.800000190734863,6,1,1.571428537368774,1.357142806053162,,,,6.142857074737549,,,,2.714285612106323,5,2.8571427,,,,,,,,,,,,,,,,,,,,,,,,,,,,,,,,,,,,,,,,,,3.571428537368774,4.333333492279053,,4.166666507720947,,,5,5,4.599999904632568,2.666666746139526,,,,,,,,,,,,,,2025.1
2002,6,1,1,601,PCF,31220,4.9,3.5999999,2002,6.800000190734863,6,0,1.62,1.5,,,,4.5,,,,2.77,5.1333332,4.0777779,,,,,,,,,,,,,,,,,,,,,,,,,,,,,,,,,,,,,,,,,,3.36,,2,4.6,,5,4.75,3.75,3.38,2.58,,,,,,,,,,,,,,2025.1
2006,6,1,1,601,PCF,31220,4.9,3.5999999,2002,5.880000114440918,6,0,.89,.63,,,,3.75,,,,2.11,6.6666665,2.4400001,,.5,8,.5,8,.8600000143051147,8.399999618530273,,2.670000076293945,5.75,3.140000104904175,6,,,,.7099999785423279,4.710000038146973,1.860000014305115,6,,5.8299999,,,5.5,3.75,3.710000038146973,5.429999828338623,2.329999923706055,2,,,,,,5.5,4,,,1.71,7.8000002,,3,,1.89,,,,3,,,2.29,4.38,,,,,,,,,,,,,2025.1
2010,6,1,1,601,PCF,31220,4.3,3.0999999,2007,3.880000114440918,6,0,1.111111164093018,.7777777910232544,,,,3.75,,,,2.777777671813965,5,2.3333333,,.7777777910232544,7.375,.6666666865348816,5.222222328186035,.5555555820465088,9.375,,3.888888835906982,5.125,2.444444417953491,5.75,,,,.6666666865348816,2.625,3.333333253860474,7,,4.8888888,6.125,,,,3.125,7,3.428571462631226,2.714285612106323,5,3.125,,,,4.1428571,3.75,7.3333335,3.5,,,2.6666667,3.571428537368774,,2.111111164093018,,,,4.571428775787354,,,2.625,3.599999904632568,,,,,,,,,,,,,2025.1
2014,6,1,1,601,PCF,31220,4.8,1.2,2012,2.1,6,0,1.75,1.166666626930237,7.4166665,,,3.909090995788574,3.9166667,,,2.642857074737549,5.0769229,2.9166667,,.9090909361839294,,.7272727489471436,,.7272727489471436,,.63636363,3.099999904632568,,2.545454502105713,,,,,1.636363625526428,,3.599999904632568,,,4.5454545,,,4.6363635,,3.299999952316284,,2.571428537368774,,6.3636365,,,,,5.2222223,,6.2222223,,,,2.3076923,4.333333492279053,,2.166666746139526,,1.5833334,,5,,,3,3.714285612106323,,,,,6.6363635,4.0999999,,,,14,13,17,2025.1
2019,6,1,1,601,PCF,31220,2.72,1.9,2017,2.49,6,0,1.125,1.125,9.2857141,1,1.1666666,3.75,3.5714285,5,3.3333333,3,4.625,3.6666667,4,.375,,.25,,.5,8.875,.625,2.5,,1.625,,,,,.1666666716337204,,3.25,2.875,3.3333333,3.5714285,3.8333333,2.8,2.8571429,,2.142857074737549,,1.75,,3.8571429,3.375,,,7.625,4.8333335,,,,,,,,,2.400000095367432,,1.3333334,,4.800000190734863,,3.833333253860474,2.799999952316284,,,1.5,2,4.125,6.8571429,2.8571429,5,,,,,,2025.1
2024,6,1,1,601,PCF,31220,1.22,9,2024,2.359999895095825,6,,1.727272748947144,1.272727251052856,7.5555553,1.8,3.5,3.545454502105713,5.3333335,5.75,2.4000001,3.111111164093018,3.5999999,3.25,3.4000001,1,,1.285714268684387,,1,9,,2.833333253860474,,,,2,2.5999999,2.4000001,.4285714328289032,,3.090909004211426,3.400000095367432,3.125,4.4444447,3.875,,3.25,,2.333333253860474,,4.333333492279053,,4.3333335,4.8000002,4,5.5,7.8000002,4.6666665,,,,,,,,,2.5,,,,,,,3,,5.5,,2,6.1666665,6,3,,2.2,3.25,,,,2025.1
1999,6,1,1,602,PS,31320,25.5,42.599998,1997,22,5,1,3.428571462631226,3.571428537368774,,,,3.666666746139526,,,,6.428571224212646,6.7857141,2.5,,,,,,,,,,,,,,,,,,,,,,,,,,,,,,,,,,,,,,,,,,5.285714149475098,5.5,,6.285714149475098,,,5.800000190734863,5.5,5.800000190734863,6.166666507720947,,,,,,,,,,,,,,2025.1
2002,6,1,1,602,PS,31320,25.3,24.4,2002,22,5,.5,3.85,4.08,,,,3.17,,,,5.77,6.1666665,4.3555555,,,,,,,,,,,,,,,,,,,,,,,,,,,,,,,,,,,,,,,,,,4.91,,4.5,5.6,,5.5,5.75,5.3,5,5.75,,,,,,,,,,,,,,2025.1
2006,6,1,1,602,PS,31320,25.3,24.4,2002,28.89999961853027,5,0,2.89,2.13,,,,2.75,,,,5,7.0333328,8.6700001,,2.329999923706055,7.800000190734863,3,6.5,2.859999895095825,8,,3.829999923706055,6.75,2.710000038146973,6.5,,,,1.570000052452087,3.569999933242798,4.289999961853027,5.570000171661377,,5.8299999,,,3.8299999,4.25,3.710000038146973,5,3,2.75,,,,,,5,4,,,3.1400001,6.5999999,,6,,3.63,,,,5.33,,,5.33,4.44,,,,,,,,,,,,,2025.1
2010,6,1,1,602,PS,31320,26.1,35.5,2007,16.47999954223633,5,0,2.777777671813965,2.444444417953491,,,,2.333333253860474,,,,6.125,6.6666665,5.4444447,,2.444444417953491,6.75,2.888888835906982,4.44444465637207,2.333333253860474,7.875,,3,6.75,1.666666626930237,6.875,,,,1.444444417953491,2.5,3.777777671813965,6.75,,5,6.375,,,,3.25,6.666666507720947,4.25,3,3.4444444,6.125,,,,3.625,5,5.875,5.6666665,,,1.1111112,5.222222328186035,,4.55555534362793,,,,5.25,,,5.666666507720947,4.888888835906982,,,,,,,,,,,,,2025.1
2014,6,1,1,602,PS,31320,29.4,48.5,2012,12.9,5,1,3.833333253860474,3.833333253860474,7.0833335,,,3.363636255264282,6.5454545,,,5.785714149475098,5.0769229,6.75,,3.818181753158569,,4.272727489471436,,3.090909004211426,,3.8181818,3.909090995788574,,1.909090876579285,,,,,1.909090876579285,,4.699999809265137,,,4.7272725,,,4.2727275,,3.727272748947144,,3.333333253860474,,5.3636365,,,,,3.3,,3.3,,,,1,5.416666507720947,,4.916666507720947,,3.6666667,,5.5,,,5.75,3.666666746139526,,,,,3.2,3.7,,,,13,17,8,2025.1
2019,6,1,1,602,PS,31320,7.44,5.6999998,2017,6.19,5,0,3,3.125,6.875,5,3.5,2.75,6.125,2.75,1.5,6.125,6.375,5.3333335,4.25,2.125,,2,,2.25,7.375,2.625,2,,.875,,,,,1.166666626930237,,2.75,3.75,4,3.2857144,4.6666665,4.4000001,2.75,,2.625,,2.599999904632568,,4,6,,,4.7142859,3.5,,,,,,,,,4.800000190734863,,2.8333333,,6.199999809265137,,4.428571224212646,4.5,,,3.3333333,2.2857144,4.125,3.8571429,3.2857144,5.25,,,,,,2025.1
2024,6,1,1,602,PS,31320,9.9,70,2024,13.82999992370605,5,,3.454545497894287,3.363636255264282,6.9000001,5,3.5,2.727272748947144,6,3.4000001,2.5,6.272727489471436,6.5,3.75,2.2,1.666666626930237,,3.428571462631226,,2.200000047683716,7.55555534362793,,2.833333253860474,,,,1.75,2,2,1.714285731315613,,3.181818246841431,4.300000190734863,4.3333335,3.3636363,4,,2.75,,2.333333253860474,,3.142857074737549,,3.3333333,7,3.25,6.5,5.4000001,4.5,,,,,,,,,5.5,,,,,,,4.5,,2.3333333,,1.5,4,4.25,4,,2.8,3,,,,2025.1
1999,6,1,1,603,PRG,31230,1.5,2.0999999,1997,,6,1,4.428571224212646,5.142857074737549,,,,4.714285850524902,,,,6.166666507720947,6.0714288,.35714298,,,,,,,,,,,,,,,,,,,,,,,,,,,,,,,,,,,,,,,,,,5.571428775787354,5.199999809265137,,5.833333492279053,,,5.800000190734863,5.599999904632568,5.75,5.800000190734863,,,,,,,,,,,,,,2025.1
2002,6,1,1,603,PRG,31230,1.5,,2002,,6,.5,3.62,3.5,,,,4,,,,4.92,5.6333337,2.3222222,,,,,,,,,,,,,,,,,,,,,,,,,,,,,,,,,,,,,,,,,,4.5,,3.88,4.67,,5,5.5,5.33,4.29,4,,,,,,,,,,,,,,2025.1
2006,6,1,1,603,PRG,31230,1.5,0,2002,,6,0,4.11,3.86,,,,4,,,,5.33,4.8000002,2.8599999,,3.200000047683716,6.400000095367432,4.199999809265137,6.5,3.670000076293945,6.400000095367432,,3.25,5.25,2.829999923706055,6,,,,1.710000038146973,4.860000133514404,2.289999961853027,4.170000076293945,,5.5,,,3.3299999,3.75,3.829999923706055,5,4.670000076293945,2.5,,,,,,4.75,4,,,3,5,,5.75,,4.71,,,,4.8,,,5.6,4.71,,,,,,,,,,,,,2025.1
2010,6,1,1,603,PRG,31230,3.4,0,2007,.6800000071525574,6,0,3.625,3.875,,,,2.857142925262451,,,,6.166666507720947,5.7142854,3.5999999,,2.428571462631226,5.833333492279053,2.714285612106323,3.857142925262451,2.714285612106323,7.166666507720947,,3.5,6,2.142857074737549,6.666666507720947,,,,2.125,2.285714387893677,3.571428537368774,5.833333492279053,,4.5714288,6.1666665,,,,3.285714387893677,6,4.166666507720947,3.666666746139526,3.1428571,5.8333335,,,,3.3333333,4.1428571,6.4000001,4.4000001,,,2.3333333,5.5,,4.833333492279053,,,,5.5,,,5,4.666666507720947,,,,,,,,,,,,,2025.1
2014,6,1,1,603,PRG,31230,1.7,2.0999999,2012,1.1,6,1,3.818181753158569,3.75,6.6363635,,,3.416666746139526,6.4545455,,,5.846153736114502,5,3,,3.444444417953491,,3.799999952316284,,2.777777671813965,,3.5454545,3.625,,2,,,,,1.727272748947144,,4,,,5,,,4,,4,,5.166666507720947,,5.3000002,,,,,3.3333333,,4.25,,,,1.1666666,5.5,,4.800000190734863,,4,,5.285714149475098,,,5.285714149475098,3.875,,,,,3.7777777,3.5,,,,8,45,52,2025.1
1999,6,1,1,605,VERTS,31110,3.6,1.4,1997,9.699999809265137,7,1,3.142857074737549,4,,,,2,,,,5.142857074737549,5.3571424,3.2142859,,,,,,,,,,,,,,,,,,,,,,,,,,,,,,,,,,,,,,,,,,5.714285850524902,6,,5.666666507720947,,,6.199999809265137,6.833333492279053,6,5.5,,,,,,,,,,,,,,2025.1
2002,6,1,1,605,VERTS,31110,4.4,.5,2002,9.699999809265137,7,.5,2.75,2.75,,,,1.5,,,,5.15,6.1666665,3.5222223,,,,,,,,,,,,,,,,,,,,,,,,,,,,,,,,,,,,,,,,,,5.58,,3.3,5.3,,4.27,5.5,6.6,5.11,4.8,,,,,,,,,,,,,,2025.1
2006,6,1,1,605,VERTS,31110,4.4,.5,2002,7.400000095367432,7,0,2.56,2.88,,,,1.63,,,,4.78,4.8000002,5.4400001,,2.170000076293945,6.599999904632568,2.799999952316284,7.75,2.170000076293945,7,,1.5,6.75,.7099999785423279,8,,,,1.139999985694885,4.409999847412109,1,5.139999866485596,,3.1700001,,,1.67,4.5,1.429999947547913,6.139999866485596,2.670000076293945,2,,,,,,4.5,3.6700001,,,2,6.1999998,,6,,3.67,,,,4.2,,,4.83,4.88,,,,,,,,,,,,,2025.1
2010,6,1,1,605,VERTS,31110,3.2,.69999999,2007,16.28000068664551,7,0,2.555555582046509,2.666666746139526,,,,1.555555582046509,,,,6.111111164093018,7.0370374,3.3333333,,1.888888835906982,6,2.555555582046509,4.375,2.111111164093018,6.625,,1.666666626930237,6.75,.7777777910232544,7.625,,,,1.555555582046509,2.625,1.666666626930237,6.375,,3,6.25,,,,1.875,7,3.375,4,.55555558,9.375,,,,2.375,5.8571429,7,4.5,,,1.1111112,6.25,,4,,,,5.428571224212646,,,5.285714149475098,5,,,,,,,,,,,,,2025.1
2014,6,1,1,605,EELV,31110,5.5,2.9000001,2012,9,7,.5,3.083333253860474,3.25,5.6666665,,,1.416666626930237,7.75,,,6.214285850524902,6.4615383,3.5833333,,2,,2.272727251052856,,2,,2.4545455,1.545454502105713,,.5454545617103577,,,,,1.818181872367859,,2.099999904632568,,,1.8181819,,,1.5454545,,1.399999976158142,,2.714285612106323,,.81818181,,,,,1.8,,6.3000002,,,,1.0769231,6.615384578704834,,4,,3.5833333,,6,,,5.888888835906982,4.75,,,,,5.3636365,6,,,,6,2,14,2025.1
2019,6,1,1,605,EELV,31110,4.3,.2,2017,13.48,7,0,2.5,2.875,5.625,6,4,1.625,6.75,3,.75,6.375,6.875,3.6666667,1.75,1.75,,1.625,,2.375,6.5,2.625,1.25,,.625,,,,,.8333333134651184,,1.625,4.25,2.3333333,1.5714285,5.3333335,2,1.25,,2,,3.833333253860474,,1.625,9.375,,,5.1428571,2.6666667,,,,,,,,,5,,4,,6,,5.428571224212646,4.833333492279053,,,3.1666667,1.5714285,5.75,4.2857141,4.1428571,3.5,,,,,,2025.1
2024,6,1,1,605,LE/EELV,31110,4.8,34,2024,5.5,7,,2.299999952316284,2.299999952316284,6.1111112,4.3333335,3,1.700000047683716,8,2.5999999,.60000002,6.199999809265137,7,2.75,1.6,1.333333373069763,,1.285714268684387,,1.399999976158142,8,,2.166666746139526,,,,.5,.80000001,.80000001,1.571428537368774,,1.600000023841858,4.777777671813965,2.2222223,1.7,4.8888888,,.66666669,,1.666666626930237,,3.571428537368774,,2,10,.75,9.25,5.75,2.3333333,,,,,,,,,4.5,,,,,,,4,,3,,.5,5.3333335,5,4,,2,1.25,,,,2025.1
1999,6,1,1,609,RPR,31625,16.8,24.1,1997,12.80000019073486,2,0,7.214285850524902,6.428571224212646,,,,7.285714149475098,,,,5.428571224212646,6.4285712,5.7142859,,,,,,,,,,,,,,,,,,,,,,,,,,,,,,,,,,,,,,,,,,3.142857074737549,3,,5,,,4.699999809265137,4.833333492279053,3.400000095367432,4,,,,,,,,,,,,,,2025.1
2002,6,1,1,609,RPR,31626,33.4,63.299999,2002,12.80000019073486,2,.5,7,5.92,,,,7.25,,,,5,5.6333337,5.0444446,,,,,,,,,,,,,,,,,,,,,,,,,,,,,,,,,,,,,,,,,,3.64,,4.18,4.2,,6.67,5.44,4.56,4.22,5.58,,,,,,,,,,,,,,2025.1
2006,6,1,1,609,UMP,31626,33.4,63.299999,2002,16.60000038146973,2,1,7.44,7,,,,7.13,,,,5.67,5.5666671,4,,7,6.800000190734863,7.170000076293945,6.800000190734863,6.860000133514404,6,,7.829999923706055,8,5.570000171661377,6.25,,,,4.710000038146973,3.569999933242798,7.570000171661377,7.710000038146973,,7.5,,,6.5,7.25,6.670000076293945,5.710000038146973,5.670000076293945,3,,,,,,5,3.3299999,,,6.5700002,5,,4.5,,5.33,,,,5.5,,,5.57,1.78,,,,,,,,,,,,,2025.1
2010,6,1,1,609,UMP,31626,40.3,54.099998,2007,27.8799991607666,2,1,7.222222328186035,5.55555534362793,,,,6.333333492279053,,,,6,6.2962961,4.4444447,,6.44444465637207,6.125,5.75,5,6.888888835906982,5.375,,7.888888835906982,7.625,5,4.375,,,,4.333333492279053,3.625,8.44444465637207,8.888889312744141,,8.7777777,7.875,,,,6.5,7,6.25,4.428571224212646,5.8888888,4.75,,,,4.375,4.75,3.375,6.5,,,1.1111112,4.222222328186035,,5.222222328186035,,,,5,,,5.44444465637207,1.888888835906982,,,,,,,,,,,,,2025.1
2014,6,1,1,609,UMP,31626,27.1,33.599998,2012,20.8,2,0,7.666666507720947,7.333333492279053,7,,,7.166666507720947,6.9166665,,,5.428571224212646,5,5.8333335,,7.090909004211426,,7.545454502105713,,7.454545497894287,,6.3636365,7.363636493682861,,6.636363506317139,,,,,5.727272510528564,,7.599999904632568,,,8.454545,,,7.3636365,,7.363636493682861,,6.285714149475098,,7.4545455,,,,,5.6999998,,2.7777777,,,,1.2307693,4.75,,5.833333492279053,,4,,4.5,,,5.111111164093018,1.899999976158142,,,,,3,3.5,,,,17,13,9,2025.1
2019,6,1,1,609,LR,31626,15.77,21.200001,2017,8.48,2,1,7.875,8.125,7,4,2.8333333,6.875,6.5,5.5,4,5.5,6,6.6666665,4,8.5,,8.375,,7.375,5.375,6.875,7.625,,7.625,,,,,5.166666507720947,,7.875,6.75,4.8571429,8.1428576,7.1666665,4.1999998,7,,8,,5.800000190734863,,7.25,2.625,,,3.8571429,5,,,,,,,,,5.800000190734863,,4.1666665,,5.400000095367432,,3,2.5,,,2.6666667,6.5,2.2857144,3.7142856,3,7.375,,,,,,2025.1
2024,6,1,1,609,LR,31626,9.01,66,2024,7.25,2,,7.727272510528564,7.818181991577148,7.6999998,3.6666667,3.5,7.181818008422852,5.2222223,4.8000002,2.8333333,5.272727489471436,5.5,5.5,3.2,7.333333492279053,,7.285714149475098,,7.400000095367432,4.888888835906982,,7.833333492279053,,,,5.75,6.4000001,7.4000001,4.285714149475098,,8.363636016845703,7.699999809265137,4.5555553,8.181818,7.5999999,,8.333333,,8,,5.714285850524902,,7.3333335,3.4000001,6,2.75,4.4000001,6.3333335,,,,,,,,,5.5,,,,,,,2.5,,3,,7.5,3,5,1,,5.5999999,5.75,,,,2025.1
1999,6,1,1,610,FN,31720,14.9,.2,1997,5.699999809265137,1,0,10,8.714285850524902,,,,10,,,,1.142857193946838,6.0714288,.71428567,,,,,,,,,,,,,,,,,,,,,,,,,,,,,,,,,,,,,,,,,,1.714285731315613,1.600000023841858,,2.166666746139526,,,2.25,1.600000023841858,1.200000047683716,1.200000047683716,,,,,,,,,,,,,,2025.1
2002,6,1,1,610,FN,31720,11.1,0,2002,5.699999809265137,1,0,9.92,6,,,,9.800000000000001,,,,1,8.4666662,.94444448,,,,,,,,,,,,,,,,,,,,,,,,,,,,,,,,,,,,,,,,,,1.73,,1.1,1.89,,4.44,3.14,1.5,1,1.67,,,,,,,,,,,,,,2025.1
2006,6,1,1,610,FN,31720,11.1,0,2002,9.800000190734863,1,0,10,6.63,,,,9.25,,,,1,7.4000001,.22,,6.800000190734863,4.5,4.75,4.800000190734863,8,3.799999952316284,,9.670000076293945,9.5,8.710000038146973,7,,,,6.860000133514404,6.429999828338623,8.569999694824219,8.569999694824219,,9.8299999,,,9.8299999,9.75,10,8.859999656677246,6,3.5,,,,,,7.5,4,,,3.5699999,6.5999999,,1.5,,1.63,,,,2.4,,,1.14,1,,,,,,,,,,,,,2025.1
2010,6,1,1,610,FN,31720,4.7,0,2007,6.340000152587891,1,0,9.888889312744141,6.5,,,,9.55555534362793,,,,1.222222208976746,7.4074078,1.3333334,,7,4,5,3.222222328186035,7,2.375,,10,9.375,9.666666984558105,7.25,,,,5.44444465637207,6.25,10,9.888889312744141,,9.2222223,8.25,,,,9.875,9.571428298950195,6.571428775787354,5,8.125,2.875,,,,5,3.4285715,5,4.8333335,,,3,1.875,,1.777777791023254,,,,2.875,,,1.25,1,,,,,,,,,,,,,2025.1
2014,6,1,1,610,FN,31720,13.6,.30000001,2012,24.9,1,0,9.636363983154297,5.909090995788574,5.4166665,,,8.916666984558105,7.8333335,,,1.214285731315613,8.4615383,1.0833334,,5.5,,3.636363744735718,,5.090909004211426,,3.7272727,9.199999809265137,,8,,,,,3.636363744735718,,9.800000190734863,,,9.727273,,,8.818182,,9.909090995788574,,6.833333492279053,,7.5454545,,,,,8,,5,,,,3,2.153846263885498,,1.416666626930237,,1.0833334,,1.571428537368774,,,1.375,1.100000023841858,,,,,9.545455,7.909091,,,,9,11,1,2025.1
2019,6,1,1,610,RN,31720,13.2,1.5,2017,23.34,1,0,9.75,6.875,5.125,3,5.8333335,8.125,7.625,1.75,4,1.375,8.625,2.6666667,2.5,5.428571224212646,,4.5,,4,5.375,3.875,9.25,,7.75,,,,,5.5,,9.875,9.875,.625,10,9.5,.80000001,9.625,,9.875,,7.285714149475098,,7.25,2.5,,,9,4.5999999,,,,,,,,,1.600000023841858,,1,,2,,1.125,1.25,,,2.3333333,9.5,7.75,9.4285717,5.7142859,9.5,,,,,,2025.1
2024,6,1,1,610,RN,31720,37.06,142,2024,31.3700008392334,1,,8.818181991577148,6,6.1999998,3.8,5,8.363636016845703,6.5999999,2.8,3.3333333,2.181818246841431,5.3636365,2.8,4.4000001,4.333333492279053,,4,,4.699999809265137,5.44444465637207,,8.833333015441895,,,,6.5,7.1999998,7,2.857142925262451,,9.545454978942871,9.600000381469727,1.2,9.818182,9.6999998,,10,,9.333333015441895,,7.285714149475098,,8,3.2,7.5,5.25,8.5,5,,,,,,,,,2,,,,,,,1,,7.6666665,,10,7,8.75,2,,7.8000002,8.25,,,,2025.1
1999,6,1,1,612,RPF,,2.4,.30000001,1997,13.10000038146973,1,0,7.714285850524902,7.428571224212646,,,,8.071428298950195,,,,2.571428537368774,6.4285712,1.0714287,,,,,,,,,,,,,,,,,,,,,,,,,,,,,,,,,,,,,,,,,,2.142857074737549,2.400000095367432,,3.166666746139526,,,3.200000047683716,2.200000047683716,1.600000023841858,2,,,,,,,,,,,,,,2025.1
2006,6,1,1,612,MPF,,1.2,.2,2002,6.699999809265137,1,0,8.630000000000001,7.5,,,,8.859999999999999,,,,1.38,7.9333339,1,,8,5.75,5.329999923706055,5.75,8,4.599999904632568,,8.5,8,8.5,7,,,,7.429999828338623,7.429999828338623,7.860000133514404,9.140000343322754,,9,,,9.1700001,8.5,9.289999961853027,9.289999961853027,7.670000076293945,6.5,,,,,,5.75,4.3299999,,,5,4.75,,1.75,,1.75,,,,2.6,,,1.83,1.5,,,,,,,,,,,,,2025.1
2010,6,1,1,612,MPF,,1.2,,2007,4.800000190734863,1,0,9,6.125,,,,9,,,,1.5,9.0476189,1.7142857,,6.833333492279053,4.285714149475098,4.428571224212646,4.142857074737549,6,2.571428537368774,,9.571428298950195,9.428571701049805,9.285714149475098,7.714285850524902,,,,7.857142925262451,7.125,9.142857551574707,9.714285850524902,,9.8571424,8.7142859,,,,9.428571701049805,9.285714149475098,6.5,6.428571224212646,7.5714288,4.7142859,,,,3.2857144,3.7142856,5.4000001,4,,,3,2,,2,,,,3.5,,,1.5,1.142857193946838,,,,,,,,,,,,,2025.1
2014,6,1,1,612,MPF,,.23,0,2012,0,1,0,9.100000381469727,8,4.5454545,,,8.909090995788574,8.166667,,,1.230769276618958,8.75,.69999999,,7.55555534362793,,4.599999904632568,,7.142857074737549,,6.2857141,9.111110687255859,,8.699999809265137,,,,,7.55555534362793,,9.55555534362793,,,9.3999996,,,8.5,,9.428571701049805,,7,,6.5714288,,,,,7.5,,3.8,,,,3,1.666666626930237,,1.727272748947144,,1.0909091,,1.5,,,1.375,1.125,,,,,7.3333335,5.5714288,,,,12,9,8,2025.1
1999,6,1,1,613,UDF,31624,14.7,18.9,1997,9.300000190734863,3,0,6.428571224212646,6.285714149475098,,,,6,,,,6.428571224212646,7.5,1.7857144,,,,,,,,,,,,,,,,,,,,,,,,,,,,,,,,,,,,,,,,,,5.285714149475098,5,,5.285714149475098,,,5.699999809265137,5.25,5.800000190734863,6,,,,,,,,,,,,,,2025.1
2002,6,1,1,613,UDF,31624,4.8,5,2002,9.300000190734863,3,0,5.85,5.92,,,,5.58,,,,6.38,7.9333339,2.8222222,,,,,,,,,,,,,,,,,,,,,,,,,,,,,,,,,,,,,,,,,,5.5,,5.42,4.8,,5.73,5.75,5.44,5.22,6.1,,,,,,,,,,,,,,2025.1
2006,6,1,1,613,UDF,31624,4.8,5,2002,12,3,0,5.33,5.75,,,,4.63,,,,6.33,7.7666664,1.22,,5.329999923706055,7,6,5.800000190734863,5.329999923706055,6,,5.170000076293945,5.75,4.139999866485596,5.75,,,,4.289999961853027,3.859999895095825,5.860000133514404,4.710000038146973,,6.6700001,,,3.5,5.25,5.139999866485596,5,5.670000076293945,3,,,,,,2.25,4,,,5.1399999,4.4000001,,6.67,,6.13,,,,6,,,6.57,4,,,,,,,,,,,,,2025.1
2010,6,1,1,613,MODEM,31624,7.6,.69999999,2007,8.460000038146973,3,0,5.111111164093018,5.222222328186035,,,,4.777777671813965,,,,6.666666507720947,8.1481476,1.625,,4.375,5.666666507720947,5.375,4.75,4.666666507720947,5.857142925262451,,3.777777671813965,6,3.333333253860474,5.5,,,,3.888888835906982,3.25,4.777777671813965,5.625,,5.1111112,5.8571429,,,,4.125,5.833333492279053,4.75,4.142857074737549,4.1111112,5.7142859,,,,3.375,4.5714288,5.1666665,5,,,1,6.111111164093018,,5.55555534362793,,,,5.75,,,5.857142925262451,4.428571224212646,,,,,,,,,,,,,2025.1
2014,6,1,1,613,MODEM,31624,1.8,.30000001,2012,5.7,3,0,5.909090995788574,6.454545497894287,6.4166665,,,5.363636493682861,5.2727275,,,6.615384578704834,6.75,1.8181819,,6.666666507720947,,6.5,,5.900000095367432,,6.5555553,5.599999904632568,,5,,,,,5.666666507720947,,6.333333492279053,,,6.2222223,,,5.5,,5.44444465637207,,5,,6.3333335,,,,,4.7777777,,4,,,,1,6.545454502105713,,6.363636493682861,,5.1999998,,5.714285850524902,,,5.875,3,,,,,5.3000002,4.8888888,,,,13,17,8,2025.1
2019,6,1,1,613,MoDem,31624,4.12,7.9000001,2017,,3,1,6.125,6.25,6.625,6,2.8,4.5,5.1428571,4,3,6.714285850524902,7.125,2.6666667,2.6666667,6.285714149475098,,6.857142925262451,,5.857142925262451,4.125,5.8571429,4.571428775787354,,4.25,,,,,3.5,,5.375,4.25,4,5.6666665,5.1666665,3.2,4,,5.285714149475098,,4.800000190734863,,6.1428571,3.8571429,,,3,4.1999998,,,,,,,,,6.599999904632568,,5,,5.400000095367432,,4.5,3.666666746139526,,,3,2.2857144,3.375,3.6666667,3.5714285,6.4285712,,,,,,2025.1
2024,6,1,1,613,MoDem,31624,5.096,33,2024,3.339999914169312,3,,5.363636493682861,5.699999809265137,6.3333335,2.5,4,4.5,4.2222223,4.5,2.2,6.818181991577148,6.8000002,1.5,1.8,5.333333492279053,,6.714285850524902,,5.5,4.666666507720947,,3.833333253860474,,,,3,4.1999998,3,3.285714387893677,,4.666666507720947,4.666666507720947,4.3333335,5.3000002,4.3333335,,3.3333333,,5.666666507720947,,5,,5.6666665,4.5999999,4.5,4.75,3.8,4.75,,,,,,,,,6.25,,,,,,,4.5,,3.3333333,,1.5,2.6666667,3,3,,3.5999999,3.25,,,,2025.1
1999,6,1,1,614,LO-LCR,,,,1997,5.179999828338623,6,0,.1428571492433548,.2142857164144516,,,,6,,,,1.285714268684387,3.9285712,.83333343,,,,,,,,,,,,,,,,,,,,,,,,,,,,,,,,,,,,,,,,,,3.5,1,,2.200000047683716,,,3.666666746139526,4.199999809265137,5.5,2.5,,,,,,,,,,,,,,2025.1
1999,6,1,1,615,DL,,,,1997,,2,0,7.214285850524902,7.428571224212646,,,,6.428571224212646,,,,6.142857074737549,6.7857141,2.1428571,,,,,,,,,,,,,,,,,,,,,,,,,,,,,,,,,,,,,,,,,,4.571428775787354,4.599999904632568,,5.166666507720947,,,4.900000095367432,5.166666507720947,4.199999809265137,5.333333492279053,,,,,,,,,,,,,,2025.1
2002,6,1,1,615,DL,,.4,,2002,,2,.5,7.07,8.17,,,,5.92,,,,5.92,5.9000001,3.1666665,,,,,,,,,,,,,,,,,,,,,,,,,,,,,,,,,,,,,,,,,,4.22,,5.75,3.9,,4.9,5,4.56,4.89,5.33,,,,,,,,,,,,,,2025.1
1999,6,1,1,617,MEI,,,,1997,,7,0,4,5,,,,3,,,,4,3.75,1.6666665,,,,,,,,,,,,,,,,,,,,,,,,,,,,,,,,,,,,,,,,,,5.333333492279053,4.5,,6,,,6,7,6.5,3,,,,,,,,,,,,,,2025.1
1999,6,1,1,618,D,,,,1997,,9,0,7.658333301544189,9,,,,9,,,,4.5,4.583333,2.0833335,,,,,,,,,,,,,,,,,,,,,,,,,,,,,,,,,,,,,,,,,,3.5,5,,2.75,,,1,1,1,2.666666746139526,,,,,,,,,,,,,,2025.1
1999,6,1,1,619,CPNT,,,,1997,6.800000190734863,11,0,7.800000190734863,7.25,,,,7.875,,,,2.333333253860474,5.5,.625,,,,,,,,,,,,,,,,,,,,,,,,,,,,,,,,,,,,,,,,,,4,2.666666746139526,,2.5,,,2.5,1.333333373069763,2.333333253860474,2.333333253860474,,,,,,,,,,,,,,2025.1
1999,6,1,1,620,MN,,,,1997,3.279999971389771,1,0,8.278571128845215,8.571428298950195,,,,9.714285850524902,,,,1.333333373069763,5.7142859,1.4285713,,,,,,,,,,,,,,,,,,,,,,,,,,,,,,,,,,,,,,,,,,1.857142806053162,1.25,,2.333333253860474,,,2.25,1.600000023841858,1.200000047683716,1.200000047683716,,,,,,,,,,,,,,2025.1
2010,6,1,1,621,NC,31630,1.6,3.8,2007,,3,0,5.833333492279053,5,,,,4.666666507720947,,,,6.285714149475098,,,,5.333333492279053,6,5.571428775787354,5.142857074737549,6.142857074737549,5.428571224212646,,3.714285612106323,5.714285850524902,3.285714387893677,5.571428775787354,,,,4.285714149475098,3.25,4.714285850524902,6,,6,6,,,,4.571428775787354,5.5,4.800000190734863,4,5.2857141,5.8333335,,,,4.1428571,4.25,5,5,,,2,5.5,,5.400000095367432,,,,5.199999809265137,,,5.599999904632568,4,,,,,,,,,,,,,2025.1
2014,6,1,1,621,NC,31630,2.2,2.0999999,2012,1.4,3,0,6.272727489471436,6.888888835906982,7.6363635,,,6.222222328186035,5.9000001,,,6.181818008422852,6.7272725,2.4444444,,6.571428775787354,,6.714285850524902,,6.428571224212646,,6.8571429,6,,5.857142925262451,,,,,5.428571224212646,,6.666666507720947,,,6.1428571,,,6,,5.833333492279053,,5.166666507720947,,6.5714288,,,,,5.1428571,,4,,,,1.2222222,5.875,,6.285714149475098,,5.2857141,,5.599999904632568,,,5.5,2.833333253860474,,,,,2.8571429,3.4285715,,,,5,42,,2025.1
2014,6,1,1,622,PRV,31421,1.2,1,2012,1.4,3,0,6.142857074737549,6.5,7.181818,,,5.857142925262451,5.5,,,6,6.5,2,,6.333333492279053,,5.833333492279053,,6,,5.8333335,5.666666507720947,,4.833333492279053,,,,,3.833333253860474,,6.400000095367432,,,6.1666665,,,5.8333335,,5.800000190734863,,5.400000095367432,,6.6666665,,,,,4.5,,4.4000001,,,,1.1666666,6.199999809265137,,6.5,,4.75,,5.333333492279053,,,5.199999809265137,2,,,,,3.5,4,,,,13,17,46,2025.1
2014,6,1,1,623,AC,31631,.6,.30000001,2012,1.4,3,0,6.599999904632568,6.800000190734863,7.7272725,,,6.166666507720947,5.3000002,,,6.599999904632568,8.666667,1.25,,6.199999809265137,,6.199999809265137,,6,,6.4000001,6.199999809265137,,5.199999809265137,,,,,5.599999904632568,,6.5,,,6,,,5.8000002,,5.75,,5,,7,,,,,5,,4.25,,,,1.4,6,,6.5,,5.1999998,,5.666666507720947,,,5,2,,,,,2.8,3.5999999,,,,17,13,18,2025.1
2014,6,1,1,624,PG,,.7,.2,2012,2.1,6,0,1.700000047683716,1.111111164093018,9,,,2.400000095367432,5.181818,,,2.083333253860474,8.090909,1.7,,.8999999761581421,,.5,,.699999988079071,,.80000001,2.555555582046509,,2.200000047683716,,,,,.6000000238418579,,2.375,,,3.3,,,2.5,,2.625,,2.285714387893677,,4.375,,,,,4.4444447,,7.1428571,,,,2.4545455,3.299999952316284,,2,,1.3333334,,4.25,,,2.571428537368774,3.75,,,,,9,7.1999998,,,,14,1,13,2025.1
2014,6,1,1,625,Ensemble,,,,2012,,6,0,2.5,2.333333253860474,8.3000002,,,3.5,5.7777777,,,3.25,7.7272725,4,,2.375,,2,,2,,2,4.142857074737549,,3.25,,,,,1.625,,4.833333492279053,,,4.8000002,,,4,,4.5,,3.5,,4.7142859,,,,,3.5999999,,5.1999998,,,,2,4,,3.5,,2,,4,,,3.5,4,,,,,7.5,6.8571429,,,,14,23,50,2025.1
2019,6,1,1,626,LREM,,28.21,58.200001,2017,22.42,3,1,6.333333492279053,6.333333492279053,7.8333335,,4.1999998,3.166666746139526,5.8333335,4.3333335,2,6.833333492279053,8.833333,3,1,5.5,,7.833333492279053,,5.833333492279053,4.666666507720947,5.1666665,6,,2.5,,,,,3.5,,5.666666507720947,5.666666507720947,4.4000001,5.5999999,6.5,6,4,,4,,2.5,,5.1666665,5.5,,,2.8333333,4.75,,,,,,,,,6.5,,4.5999999,,6.666666507720947,,4.75,4.199999809265137,,,4.75,3.2,3.3333333,5,2.8333333,9.333333,,,,,,2025.1
2024,6,1,1,626,RE,,15.41,98,2024,9.020000457763672,3,,6.272727489471436,6.181818008422852,7.8000002,4,4.25,4.090909004211426,5.6999998,5,2.6666667,6.272727489471436,6.909091,1.8,1.8,6.5,,7,,6.199999809265137,5.222222328186035,,5.800000190734863,,,,2.75,2.8,2.75,2.5,,5.727272510528564,6,5.3333335,5.6363635,5.2222223,,4,,5,,3.428571462631226,,5.6666665,4.8000002,4.5,4.75,3.8,5,,,,,,,,,6.5,,,,,,,4.5,,1.3333334,,2.5,2.7142856,3.75,2,,5,4,,,,2025.1
2019,6,1,1,627,FI,,11.03,3.2,2017,6.31,6,0,1.25,.875,8.875,2,1.5,3.125,4.75,4.75,2.5,2.875,6.875,6.5,4.75,.625,,.5,,.625,8.875,.875,1.875,,1,,,,,.3333333432674408,,4,4.5,4.8571429,3.8571429,5.1666665,4.8000002,2.875,,2.25,,1.799999952316284,,3.875,6.5,,,8.25,5.1999998,,,,,,,,,2.200000047683716,,1.1666666,,3.833333253860474,,2.833333253860474,2.166666746139526,,,2.5,1.8333334,7,9.5714283,5.7142859,7.75,,,,,,2025.1
2024,6,1,1,627,FI,,11.19,79,2024,9.890000343322754,6,,.8181818127632141,.9090909361839294,7.5,3,1.75,1.818181872367859,7.6666665,1.6,1.2,3,5.3000002,3.75,3,1,,.6666666865348816,,1,9,,2,,,,1.25,1,1.4,2.285714387893677,,1.545454502105713,4.800000190734863,3.4444444,1.4545455,5.1111112,,3,,1.333333373069763,,2.285714387893677,,3.3333333,7.4000001,2.25,6.75,7.4000001,5,,,,,,,,,3.25,,,,,,,2.5,,5,,0,6.1666665,8.75,3,,2.5999999,3.5,,,,2025.1
2019,6,1,1,628,DLF,,1.17,.2,2017,3.51,1,0,9,7,5,5,5.75,8.285714149475098,7.5999999,.5,3.25,1.428571462631226,8.4285717,1.3333334,2.5,6.5,,5.75,,6.400000095367432,4.599999904632568,5.75,9,,8.399999618530273,,,,,5.5,,9.333333015441895,9,.25,9.6000004,8.5,1,9.3999996,,9.399999618530273,,7.5,,6.5,1,,,8.6000004,5.5,,,,,,,,,2.5,,1,,2.333333253860474,,1,1.200000047683716,,,1.4,9.1999998,4.75,8.1999998,5.1999998,8.75,,,,,,2025.1
2024,6,1,1,630,REC,,.75,0,2024,5.46999979019165,1,,9.727272987365723,8.333333015441895,4,3,4.6666665,9.100000381469727,8.3999996,1.2,.5,1.636363625526428,6.9000001,1.3333334,1.8,8.5,,5.800000190734863,,7.888888835906982,3.571428537368774,,9.5,,,,8.75,9.6000004,9.25,5.857142925262451,,9.666666984558105,9.699999809265137,.40000001,9.818182,9.8000002,,10,,9.666666984558105,,5.599999904632568,,7.8333335,1.2,8.333333,4.6666665,6.8333335,9.5,,,,,,,,,3,,,,,,,1.5,,5,,10,6.1666665,8.75,2,,8.25,8.5,,,,2025.1
2024,6,1,1,631,Horizons,,4.018,26,2024,2.180000066757202,3,,6.599999904632568,6.800000190734863,7.4444447,2.1666667,3.6666667,5.300000190734863,4.8888888,4.25,2,6.44444465637207,6.3000002,2,2.4000001,7,,7.428571224212646,,6.400000095367432,4.888888835906982,,5.5,,,,4.75,4.1999998,4.1999998,3,,6,5.333333492279053,4.1111112,6.3000002,5,,5,,6,,3.857142925262451,,6.3333335,4.4000001,4.5,4.5,3.5999999,5.5,,,,,,,,,6.75,,,,,,,5,,2.6666667,,2.5,2.6666667,3,2,,4.4000001,3.75,,,,2025.1
1999,7,1,1,701,FF,53620,39.3,46.400002,1997,38.59999847412109,2,1,6.5,5.333333492279053,,,,7,,,,5.833333492279053,5,1.6666665,,,,,,,,,,,,,,,,,,,,,,,,,,,,,,,,,,,,,,,,,,3.799999952316284,2.25,,4.25,,,7,4.599999904632568,4.400000095367432,3.833333253860474,,,,,,,,,,,,,,2025.1
2002,7,1,1,701,FF,53620,41.5,48.799999,2002,38.59999847412109,2,1,5.63,5.25,,,,7.13,,,,5.63,7.5,4.1666665,,,,,,,,,,,,,,,,,,,,,,,,,,,,,,,,,,,,,,,,,,3.29,,4.57,4.86,,6.63,6.29,5.43,5.29,3.5,,,,,,,,,,,,,,2025.1
2006,7,1,1,701,FF,53620,41.5,48.799999,2002,29.5,2,1,6.2,6.3,,,,6.56,,,,6.1,4.666667,1.78,,6.099999904632568,6.099999904632568,6.670000076293945,5.110000133514404,5.440000057220459,4.110000133514404,,6.21999979019165,3.890000104904175,6,4.130000114440918,,,,6,3.880000114440918,5.5,4.429999828338623,,6.2199998,,,7.1100001,5.6300001,5.25,2.75,6.329999923706055,6.75,,,,,,6.2199998,3.1300001,,,6.6700001,2.75,,4.9,,5.9,,,,6.4,,,4.6,4.57,,,,,,,,,,,,,2025.1
2010,7,1,1,701,FF,53620,41.56,47,2007,24.10000038146973,2,1,7.25,7.125,,,,7.25,,,,6.375,7.9166665,4.1428571,,6.5,6.125,6.375,5.166666507720947,7,4.857142925262451,,6.875,5.285714149475098,6.125,5.333333492279053,,,,6.285714149475098,4.142857074737549,7,5.428571224212646,,6,3,,,,6.166666507720947,3,5.5,5.833333492279053,6.8571429,3.8571429,,,,5.1428571,4.8571429,3.8333333,5,,,1,4.428571224212646,,5.428571224212646,,,,6.285714149475098,,,4.666666507720947,4,,,,,,,,,,,,,2025.1
2014,7,1,1,701,FF,53620,17.5,11.5,2011,22.3,2,0,5.875,5.75,8.5,,,7.25,4.375,,,5.55555534362793,4.2222223,3.1111112,,5.714285850524902,,5.333333492279053,,6.428571224212646,,4.8333335,6.199999809265137,,7,,,,,5.428571224212646,,6,,,5,,,7.3333335,,7.5,,8.199999809265137,,6.2857141,,,,,6.1999998,,4,,,,1,5.142857074737549,,6.428571224212646,,3.875,,6.5,,,4.428571224212646,3.333333253860474,,,,,1.3333334,4.5999999,,,,13,18,12,2025.1
2019,7,1,1,701,FF,53620,24.35,31.700001,2016,16.6,2,0,5.428571224212646,5.428571224212646,6.8571429,2,6.1999998,5.714285850524902,3.4285715,6,6.25,6.142857074737549,5.4285712,2,3.5,4.714285850524902,,5,,4.857142925262451,5.285714149475098,5,5.857142925262451,,4.714285850524902,,,,,6,,4.833333492279053,3.666666746139526,3.5999999,5.5999999,2.75,4.5,5.5714288,,5.599999904632568,,6.714285850524902,,6.2857141,3.8571429,,,3.8571429,6.5,,,,,,,,,6.571428775787354,,3.7142856,,6.142857074737549,,4.666666507720947,3.571428537368774,,,.2857143,.42857143,2.8,1.5714285,2.5,6,,,,,,2025.1
2024,7,1,1,701,FF,53620,21.9,48,2024,20.39999961853027,2,,5.307692527770996,5.230769157409668,7.6153846,2.8571429,5.3333335,5.230769157409668,4.3076925,5.3333335,4.8571429,6.461538314819336,6.1538463,2.6666667,3,4.44444465637207,,5.333333492279053,,4.538461685180664,5,,4.833333492279053,,,,3.8333333,3.75,3.5,4.666666507720947,,4.692307472229004,5.230769157409668,4.75,5.4545455,4.909091,,5.3333335,,4.428571224212646,,6.428571224212646,,5,3.8,4.4285712,4.7142859,3.625,6.5,,,,,,,,,6.333333492279053,,,,,,,3,,4.5,,1.25,4,1.75,3.8,,4.75,1,,,,2025.1
1999,7,1,1,702,FG,53520,28,32.5,1997,24.60000038146973,4,0,6.5,6.333333492279053,,,,5.166666507720947,,,,6.5,5,1.25,,,,,,,,,,,,,,,,,,,,,,,,,,,,,,,,,,,,,,,,,,5,3.5,,4.25,,,7,5.199999809265137,4.400000095367432,6,,,,,,,,,,,,,,2025.1
2002,7,1,1,702,FG,53520,22.5,18.700001,2002,24.60000038146973,4,0,5.88,5.38,,,,6.25,,,,6.63,8.333333,2.0888891,,,,,,,,,,,,,,,,,,,,,,,,,,,,,,,,,,,,,,,,,,4.71,,5.14,5,,6.75,6.43,5.43,5.57,5.25,,,,,,,,,,,,,,2025.1
2006,7,1,1,702,FG,53520,22.5,18.700001,2002,27.79999923706055,4,0,6.6,6.9,,,,6.22,,,,6.5,5,1.22,,6.099999904632568,6.5,6.78000020980835,5.21999979019165,6,4,,6.78000020980835,4.559999942779541,5.5,4.5,,,,5.590000152587891,3.880000114440918,5.5,4.429999828338623,,6,,,5.5599999,4.75,5.25,2.75,6.21999979019165,6.75,,,,,,6.2199998,3,,,6.4400001,2.75,,5.4,,6.1,,,,6.4,,,5.44,4.86,,,,,,,,,,,,,2025.1
2010,7,1,1,702,FG,53520,27.32,30.700001,2007,29.10000038146973,4,0,7.25,7.5,,,,6.375,,,,6.5,8.333333,3.1428571,,6.75,6.5,6.625,6.333333492279053,6.625,4.714285850524902,,7.142857074737549,5.833333492279053,5.75,5,,,,6,3.857142925262451,7,5.714285850524902,,6,3,,,,6.166666507720947,3.166666746139526,5.833333492279053,5.5,7,3.7142856,,,,5.1428571,4.7142859,3.8333333,5.1666665,,,1,4.857142925262451,,5.714285850524902,,,,6.428571224212646,,,5,4.333333492279053,,,,,,,,,,,,,2025.1
2014,7,1,1,702,FG,53520,36.1,46.099998,2011,22.3,4,1,6.625,7.125,8.5,,,6.375,4.375,,,6.44444465637207,5,2.2222223,,6.571428775787354,,6.333333492279053,,7.142857074737549,,5.5,6.800000190734863,,5.5,,,,,4.857142925262451,,6.166666507720947,,,5,,,6.1666665,,7.5,,7.599999904632568,,6.4285712,,,,,6.8000002,,4,,,,1,5.428571224212646,,6.428571224212646,,4.375,,6.5,,,4.571428775787354,4,,,,,1.1666666,4.1999998,,,,13,16,18,2025.1
2019,7,1,1,702,FG,53520,25.52,36,2016,29.6,4,1,5.857142925262451,6.428571224212646,7.1428571,2,4,4.285714149475098,4.5714288,4,4.75,6.285714149475098,6.1428571,1.6666666,2.5,6,,5.714285850524902,,5.857142925262451,4.714285850524902,5.8571429,6.142857074737549,,3.571428537368774,,,,,5.166666507720947,,4.666666507720947,3.833333253860474,4.4000001,5,3,4.25,4.7142859,,5.400000095367432,,5.857142925262451,,6.2857141,4,,,3.1428571,6.5,,,,,,,,,6.571428775787354,,3.7142856,,6.142857074737549,,4.833333492279053,4.714285850524902,,,.2857143,.42857143,2.8,1.4285715,2.5,6.4285712,,,,,,2025.1
2024,7,1,1,702,FG,53520,20.8,38,2024,20.79999923706055,4,,6.153846263885498,6.153846263885498,7.8461537,3.2857144,4.8333335,3.923076868057251,5.1538463,4.8333335,3.8571429,6.769230842590332,6.6153846,1.8333334,2.8333333,6.333333492279053,,5.666666507720947,,5.615384578704834,5.07692289352417,,5.666666507720947,,,,3.3333333,3,2,4,,4.769230842590332,5.538461685180664,4.8333335,5.181818,5,,4.8333335,,4.428571224212646,,5.428571224212646,,5,4,4.1428571,4.8571429,3,6.5,,,,,,,,,6.666666507720947,,,,,,,3.75,,3.75,,.75,3.6666667,1.5,3.8,,4.75,1,,,,2025.1
1999,7,1,1,703,LP,53320,10.4,10.2,1997,8.699999809265137,5,0,4,3.666666746139526,,,,3.166666746139526,,,,5.5,4.583333,2.916667,,,,,,,,,,,,,,,,,,,,,,,,,,,,,,,,,,,,,,,,,,4,2,,5,,,7,5.199999809265137,5,2.5,,,,,,,,,,,,,,2025.1
2002,7,1,1,703,Lab,53320,10.8,12.7,2002,8.699999809265137,5,0,3.25,3,,,,3.75,,,,5.13,7.1000004,5.1444445,,,,,,,,,,,,,,,,,,,,,,,,,,,,,,,,,,,,,,,,,,4.43,,3.86,5.86,,4.63,6.57,6.43,6,2.5,,,,,,,,,,,,,,2025.1
2006,7,1,1,703,Lab,53320,10.8,12.7,2002,10.60000038146973,5,0,4.1,3.8,,,,2.89,,,,5.6,4.333333,2.5599999,,3.299999952316284,7,3.779999971389771,5.78000020980835,3.329999923706055,6.440000057220459,,3.779999971389771,5.110000133514404,2.700000047683716,4.880000114440918,,,,2.670000076293945,4.5,4.380000114440918,4.139999866485596,,4,,,4.4400001,3.75,3.25,3.75,3,5.130000114440918,,,,,,5.3299999,2.8800001,,,2.8900001,3.3800001,,5,,4.6,,,,6.4,,,4.3,5,,,,,,,,,,,,,2025.1
2010,7,1,1,703,LAB,53320,10.13,12,2007,13.89999961853027,5,0,3.875,3.5,,,,3.75,,,,5.875,6.6666665,3.4285715,,3,7.625,3.875,6,3.625,6.714285850524902,,5.285714149475098,5.166666507720947,4,6,,,,4,4,4.875,5.142857074737549,,4,4.1666665,,,,4.333333492279053,4.5,3.833333253860474,4.666666507720947,4.7142859,4.2857141,,,,5,4.1666665,5.1666665,5.8333335,,,1.125,4.857142925262451,,4.571428775787354,,,,6.428571224212646,,,3.666666746139526,4.5,,,,,,,,,,,,,2025.1
2014,7,1,1,703,Lab,53320,19.5,22.4,2011,5.3,5,1,4.125,4.125,8.75,,,3.75,5.375,,,5.888888835906982,4.75,2.7777777,,4.142857074737549,,4.833333492279053,,3.857142925262451,,4,4.599999904632568,,3.166666746139526,,,,,2.857142925262451,,5.166666507720947,,,5,,,4.6666665,,3,,3.200000047683716,,5.5714288,,,,,6.8000002,,4.1999998,,,,1,5.428571224212646,,5.428571224212646,,4.375,,6.5,,,4,4,,,,,1.5,4.1999998,,,,13,14,2,2025.1
2019,7,1,1,703,Lab,53320,6.61,5,2016,3.1,5,0,3.571428537368774,3.571428537368774,7.4285712,2,3.5999999,2.857142925262451,5.7142859,1.5,3,6.142857074737549,5.1428571,1.3333334,2.75,2.857142925262451,,3.428571462631226,,3.285714387893677,6.857142925262451,3,4.714285850524902,,2.285714387893677,,,,,2.714285612106323,,3.833333253860474,3.666666746139526,1.6,3.4000001,2.75,2.75,3.4285715,,4,,3.857142925262451,,4.8571429,5.1428571,,,4.5714288,4.8333335,,,,,,,,,6.285714149475098,,3.5714285,,6.142857074737549,,5.400000095367432,3,,,.2857143,.42857143,3.4000001,2.7142856,3.8333333,4.8571429,,,,,,2025.1
2024,7,1,1,703,Lab,53320,4.7,11,2024,3.400000095367432,5,,3.461538553237915,3.461538553237915,6.8461537,2.5714285,3.6666667,2.384615421295166,6.5384617,2.5,2.7142856,6,5.3076925,2.3333333,3.1666667,2.888888835906982,,3.333333253860474,,3,6.153846263885498,,3.166666746139526,,,,1.6666666,2,1.25,2,,3.307692289352417,5.230769157409668,2.6363637,3.2727273,4.8000002,,3.5,,4,,3.285714387893677,,3.8,5.8000002,2.7142856,5.4285712,5,3.5,,,,,,,,,5,,,,,,,2.5,,5.75,,.75,5.3333335,3.125,4.5999999,,4,1,,,,2025.1
1999,7,1,1,705,GREENS,53110,2.8,1.2,1997,6.699999809265137,7,0,2.333333253860474,2.5,,,,2,,,,2.333333253860474,4.583333,1.25,,,,,,,,,,,,,,,,,,,,,,,,,,,,,,,,,,,,,,,,,,3.25,1.25,,2.333333253860474,,,6.400000095367432,6.599999904632568,4.75,1.5,,,,,,,,,,,,,,2025.1
2002,7,1,1,705,GP,53110,3.8,3.5999999,2002,6.699999809265137,7,0,2.13,2.13,,,,2.38,,,,2.75,8.333333,3.3333333,,,,,,,,,,,,,,,,,,,,,,,,,,,,,,,,,,,,,,,,,,3,,2.14,4,,2.75,5,6.14,4.83,1.38,,,,,,,,,,,,,,2025.1
2006,7,1,1,705,GP,53110,3.8,3.5999999,2002,4.300000190734863,7,0,2.8,2.7,,,,1.89,,,,3.1,6,2.8900001,,1.600000023841858,6.599999904632568,2.75,4.380000114440918,1.75,5.75,,2.670000076293945,5.440000057220459,2.200000047683716,5.880000114440918,,,,1.889999985694885,4.380000114440918,3.140000104904175,4.139999866485596,,3.4400001,,,3,3.75,2.880000114440918,4.130000114440918,2.890000104904175,5.130000114440918,,,,,,3.22,4.5,,,1.67,4.5,,4.6,,3.8,,,,5.9,,,1.89,4.29,,,,,,,,,,,,,2025.1
2010,7,1,1,705,GP,53110,4.69,3.5999999,2007,1.899999976158142,7,1,3.5,3.285714149475098,,,,2,,,,5,7.9166665,5,,3.125,7.25,3.142857074737549,4.833333492279053,3.375,6.857142925262451,,3.857142925262451,5.833333492279053,2.25,7.333333492279053,,,,2.714285612106323,4.857142925262451,4.428571224212646,5.166666507720947,,3.1666667,4.3333335,,,,3,5.333333492279053,4.166666507720947,5.166666507720947,1,9.4285717,,,,2.8571429,6.1428571,6.8333335,6.8333335,,,1.875,4.285714149475098,,3.857142925262451,,,,5.714285850524902,,,2.428571462631226,4.199999809265137,,,,,,,,,,,,,2025.1
2014,7,1,1,705,GP,53110,1.9,0,2011,4.9,7,0,3.75,3.75,8.5,,,2.625,5.625,,,4.375,5.3333335,2.4285715,,3.285714387893677,,3.666666746139526,,3.428571462631226,,3.3333333,4,,1.666666626930237,,,,,1.714285731315613,,4.166666507720947,,,5,,,3.1666667,,2,,2.599999904632568,,.71428573,,,,,3.8,,6.1999998,,,,1.125,4.666666507720947,,4,,2.5,,5,,,3.666666746139526,2.5,,,,,5,5.1999998,,,,6,13,4,2025.1
2019,7,1,1,705,GP,53110,2.72,1.4,2016,11.4,7,0,3.142857074737549,3.142857074737549,5.1428571,2,4.1999998,2.142857074737549,6.2857141,1.5,3.75,5.857142925262451,4.7142859,1.3333334,3.75,3.285714387893677,,3.285714387893677,,3,6.285714149475098,2.7142856,4.285714149475098,,2.142857074737549,,,,,2,,3.333333253860474,4.333333492279053,1,2.5999999,3.75,2.25,2.5714285,,4,,2.857142925262451,,1.2857143,9.4285717,,,5.4285712,3.5,,,,,,,,,6.142857074737549,,3.4285715,,6,,5.599999904632568,2.714285612106323,,,.2857143,.42857143,6,4,4.8333335,2.5714285,,,,,,2025.1
2024,7,1,1,705,GP,53110,3,1,2024,5.400000095367432,7,,3.461538553237915,3.769230842590332,5.5384617,4,4.6666665,2,6.8461537,2.6666667,2.4285715,5.916666507720947,6.1538463,2.8333333,2.5,3,,3.333333253860474,,3.307692289352417,5.461538314819336,,2.5,,,,2.1666667,1.875,1,2.333333253860474,,3,5.692307472229004,3.3636363,2.909091,5.3636365,,2.6666667,,3.857142925262451,,3,,2.5999999,9.3999996,.71428573,9.5714283,5,3,,,,,,,,,4.666666507720947,,,,,,,2.75,,5.75,,.75,7,2.125,4.8333335,,3.5,1,,,,2025.1
1999,7,1,1,706,PD,53420,4.7,2.4000001,1997,,3,1,8,8.166666984558105,,,,3.166666746139526,,,,6.666666507720947,5,.41666657,,,,,,,,,,,,,,,,,,,,,,,,,,,,,,,,,,,,,,,,,,5.5,3.5,,3.25,,,6.599999904632568,5,4.199999809265137,6.166666507720947,,,,,,,,,,,,,,2025.1
2002,7,1,1,706,PD,53420,4,4.8000002,2002,,3,1,7.75,8.25,,,,4.38,,,,5.63,7.5,1.9444444,,,,,,,,,,,,,,,,,,,,,,,,,,,,,,,,,,,,,,,,,,3.71,,5.29,3.57,,4.63,5.57,4.14,4.5,5.13,,,,,,,,,,,,,,2025.1
2006,7,1,1,706,PD,53420,4,4.8000002,2002,,3,1,8.1,8.5,,,,4.11,,,,5.7,5.333333,1.22,,8.399999618530273,7.599999904632568,8.779999732971191,7.889999866485596,7.329999923706055,4.21999979019165,,7.21999979019165,5.21999979019165,3.400000095367432,5,,,,3.220000028610229,4.130000114440918,6.25,5.139999866485596,,6.1100001,,,4.1100001,4.25,5.75,3.130000114440918,3.329999923706055,5,,,,,,5.2199998,2.8800001,,,7,3.25,,4.9,,6.5,,,,6.4,,,5.44,5,,,,,,,,,,,,,2025.1
1999,7,1,1,707,SF,53951,2.6,.60000002,1997,6.300000190734863,8,0,2.5,2.333333253860474,,,,6,,,,2.666666746139526,2.5,.83333343,,,,,,,,,,,,,,,,,,,,,,,,,,,,,,,,,,,,,,,,,,2.5,1.75,,2,,,7,5.5,5.5,1.166666626930237,,,,,,,,,,,,,,2025.1
2002,7,1,1,707,SF,53951,6.5,3,2002,6.300000190734863,8,0,2.75,1.75,,,,6,,,,2,5.8333335,.55555558,,,,,,,,,,,,,,,,,,,,,,,,,,,,,,,,,,,,,,,,,,2.86,,2,4.43,,5.13,5.57,6.43,6.14,1.13,,,,,,,,,,,,,,2025.1
2006,7,1,1,707,SF,53951,6.5,3,2002,11.10000038146973,8,0,2,2,,,,3.5,,,,2.7,3.6666663,1.33,,1.799999952316284,5.900000095367432,2.329999923706055,4.21999979019165,2.329999923706055,6.670000076293945,,3.109999895095825,5.889999866485596,4,5,,,,2.890000104904175,4,3.710000038146973,4,,4.1399999,,,8.6700001,7.3800001,3.5,3.380000114440918,5,5,,,,,,4.6700001,2.8800001,,,2.4400001,2.8800001,,4.5,,3.1,,,,5.9,,,1.6,4.17,,,,,,,,,,,,,2025.1
2010,7,1,1,707,SF,53951,6.94,2.4000001,2007,11.19999980926514,8,0,2.125,2.125,,,,4.625,,,,2.625,7.0833335,1.7142857,,1.625,7.75,2.142857074737549,5.199999809265137,1.875,8.285714149475098,,4.428571224212646,4.833333492279053,4.875,4,,,,4.428571224212646,3.571428537368774,4.857142925262451,5.833333492279053,,3.8333333,4,,,,4.142857074737549,4.333333492279053,4.5,4.833333492279053,5.2857141,4.2857141,,,,3.3333333,5.4000001,8.1428576,7.5714288,,,2.875,3,,2.428571462631226,,,,5.714285850524902,,,1.285714268684387,3.666666746139526,,,,,,,,,,,,,2025.1
2014,7,1,1,707,SF,53951,9.9,8.5,2011,19.5,8,0,2.125,1.875,8.375,,,5.125,4.375,,,2.777777671813965,4.7777777,1.6666666,,2.142857074737549,,2.333333253860474,,1.857142806053162,,2.3333333,3,,3,,,,,3,,5.199999809265137,,,5,,,8.166667,,3.5,,4.400000095367432,,4.4285712,,,,,5.25,,8,,,,2,3.666666746139526,,2.833333253860474,,1.625,,5.625,,,2,2.666666746139526,,,,,8.1999998,3.5999999,,,,12,24,13,2025.1
2019,7,1,1,707,SF,53951,13.85,16.5,2016,11.7,8,0,2.571428537368774,2.142857074737549,7.2857141,2,3.8,4.428571224212646,4.4285712,3.5,3.75,3.714285612106323,4.2857141,1,5.5,2.714285612106323,,2.5,,2.285714387893677,7.714285850524902,2,6,,3.142857074737549,,,,,2.666666746139526,,4.333333492279053,3.833333253860474,3.2,3.5,3,3.5,6.1428571,,4,,3.714285612106323,,5.5714288,3.7142856,,,5.8571429,4.25,,,,,,,,,5.142857074737549,,2.2857144,,6.285714149475098,,4.599999904632568,1.857142806053162,,,.2857143,.42857143,4.5999999,7.4285712,5.6666665,6.7142859,,,,,,2025.1
2024,7,1,1,707,SF,53951,19,39,2024,11.14000034332275,8,,2.692307710647583,2.461538553237915,7.8461537,3.2857144,4.1666665,4.07692289352417,4.3076925,5.8333335,5.5714288,4.07692289352417,4.7692308,3.8,6.8333335,2.111111164093018,,3,,1.769230723381042,7,,4.400000095367432,,,,2.1666667,3.5,2.5,3.5,,5.692307472229004,6.692307472229004,6.75,5.181818,5.5454545,,6.8333335,,4.714285850524902,,4.714285850524902,,6.4000001,2.5999999,5.4285712,3.5714285,5.875,5,,,,,,,,,3,,,,,,,1.5,,5.75,,1.25,5,7.5,5.8000002,,5.75,2,,,,2025.1
1999,7,1,1,708,SP,53230,.7,.60000002,1997,.800000011920929,6,0,1.333333373069763,1.5,,,,2.25,,,,1.399999976158142,,,,,,,,,,,,,,,,,,,,,,,,,,,,,,,,,,,,,,,,,,,,1.25,1,,3.666666746139526,,,6.25,4,5,1.5,,,,,,,,,,,,,,2025.1
2010,7,1,1,708,SP,53230,.64,0,2007,2.700000047683716,6,0,1.25,1.5,,,,2,,,,2.428571462631226,7.1428571,2.4000001,,.75,8.625,1.714285731315613,5.5,1.125,9,,3.428571462631226,5.666666507720947,2.375,5.5,,,,2.714285612106323,4.285714149475098,3.714285612106323,5.199999809265137,,3.1666667,4.8333335,,,,2.833333253860474,5.333333492279053,3.666666746139526,5,4.5,4.8000002,,,,3.5999999,4.4000001,7.7142859,7.4285712,,,2.875,3,,2.333333253860474,,,,5,,,1.571428537368774,4,,,,,,,,,,,,,2025.1
2014,7,1,1,708,SP,53230,1.2,1.2,2011,1.8,6,0,.875,.5,9,,,1.857142806053162,5.625,,,2.222222328186035,4.3333335,1.75,,1.571428537368774,,.8333333134651184,,.8571428656578064,,1,2.200000047683716,,2,,,,,1.166666626930237,,5,,,5,,,3.5,,0,,2.25,,3.8571429,,,,,5,,8,,,,2.6666667,2.400000095367432,,2.166666746139526,,1.25,,5,,,1.666666626930237,2.333333253860474,,,,,8.8000002,4,,,,14,13,1,2025.1
2014,7,1,1,709,PBPA,,1,1.2,2011,1.4,6,0,.7142857313156128,.4285714328289032,9,,,1.200000047683716,6.375,,,2.25,4.4444447,1.2857143,,1.5,,.4000000059604645,,.6666666865348816,,.80000001,2.200000047683716,,1.600000023841858,,,,,1,,5,,,5,,,3.5,,0,,1.333333373069763,,3.3333333,,,,,5,,8,,,,2.75,2.5,,2,,1.1428572,,5,,,1.399999976158142,2,,,,,9.25,3.75,,,,41,1,3,2025.1
2019,7,1,1,709,S-PBP,,3.9,4.3000002,2016,2.3,6,0,.800000011920929,.4000000059604645,8.3999996,1,.5,2,4.5999999,2,3.6666667,2,4,3,2.6666667,1,,1,,1,9,.60000002,4.800000190734863,,1.600000023841858,,,,,1,,2.75,4,1.5,3,3,1.75,1.5,,3,,1.600000023841858,,4.1999998,4.5999999,,,7.8000002,2.3333333,,,,,,,,,3.799999952316284,,1.2,,5.833333492279053,,4.5,1.200000047683716,,,.40000001,.60000002,7,8.1999998,6.5,4.25,,,,,,2025.1
2024,7,1,1,709,S-PBP,,2.8,3,2024,1.820000052452087,6,,1.076923131942749,.9230769276618958,8.4615383,.71428573,1.8333334,1.769230723381042,5.8333335,1.1666666,3.5714285,2.846153736114502,4.1538463,2.6666667,2.5,1.222222208976746,,1.333333373069763,,.9230769276618958,8.230769157409668,,3.333333253860474,,,,1.1666666,1.75,.75,1.5,,1.833333373069763,5.461538314819336,2.090909,1.625,5.5999999,,2.5,,2.833333253860474,,2.428571462631226,,4,5.5999999,4.1666665,4.8571429,7.5714288,4.5,,,,,,,,,2.333333253860474,,,,,,,1.75,,6.6666665,,.75,7.6666665,8.5,6,,3.75,1.4,,,,2025.1
2019,7,1,1,710,DS,,3.01,2.2,2016,1.2,5,0,3,2.333333253860474,7,2,3.75,2.833333253860474,5.6666665,1,2,5,4,2,3,1.600000023841858,,2,,2.833333253860474,7.333333492279053,2.2,4.800000190734863,,1.799999952316284,,,,,1.799999952316284,,3.75,3.200000047683716,1.25,2.6666667,3.25,2.6666667,3,,3,,2.799999952316284,,4.3333335,5.6666665,,,6,3.3333333,,,,,,,,,6,,2.3333333,,6,,5.333333492279053,2.333333253860474,,,.40000001,.25,5.5,4.8000002,5,3.25,,,,,,2025.1
2024,7,1,1,710,SD,,4.8,11,2024,2.950000047683716,5,,2.769230842590332,2.846153736114502,7.3076925,2.1428571,3.3333333,2.230769157409668,5.8333335,2.1666667,2.2857144,5.384615421295166,4.7692308,2.4000001,4.1666665,2.444444417953491,,2.666666746139526,,2.384615421295166,6.615384578704834,,3.333333253860474,,,,1.6666666,2.125,1,2,,3,5,2.7272727,3.1818182,5,,3,,3.333333253860474,,3,,4,6,3.1428571,5.1428571,6,3.5,,,,,,,,,3.333333253860474,,,,,,,2.5,,5.6666665,,.75,6.3333335,6.4285712,4.8000002,,4.25,1.5,,,,2025.1
2019,7,1,1,711,I4C,,1.47,2.9000001,2016,7.4,6,0,3.25,2.75,5.25,,4.75,3,3.6666667,4.5,4,3.666666746139526,3.3333333,,4.6666665,2.666666746139526,,2.666666746139526,,3.75,6,3,5,,2.666666746139526,,,,,2.666666746139526,,5,3.666666746139526,5.6666665,4.5,3,3.3333333,5,,4,,5.25,,5,4,,,6,4,,,,,,,,,5,,3.3333333,,6.5,,3.666666746139526,2,,,.40000001,.60000002,5,7.25,4,5,,,,,,2025.1
2019,7,1,1,712,RI,,2.18,0,2016,.4,4,0,8,7.599999904632568,4.1999998,2,2.5,7.800000190734863,7.1999998,1.5,.33333334,3.200000047683716,3.6666667,2,9,7.5,,7.5,,7.75,6,7.75,6.800000190734863,,6.400000095367432,,,,,6,,8.399999618530273,6,1.4,8.5,7,1.5,6.25,,8,,4.5,,7.1999998,2,,,5.3333335,5.6666665,,,,,,,,,4,,1,,5.5,,1.5,3.333333253860474,,,.40000001,1.25,4.3333335,7.75,6.3333335,4.5,,,,,,2025.1
2024,7,1,1,713,Aon,,3.9,2,2024,3.759999990463257,2,,6.5,4.833333492279053,4.75,3,3.25,8.230769157409668,8.666667,.75,1.2857143,3,4.6153846,2.5,4,5.5,,4,,4.363636493682861,5,,7.666666507720947,,,,7.3333335,6.5714288,7.5,7.400000095367432,,7.846153736114502,7.692307472229004,1.6363636,8,7.4000001,,7.3333335,,6,,7.142857074737549,,6.8000002,3.5,7.3333335,3.6666667,6.8000002,5,,,,,,,,,3.333333253860474,,,,,,,1,,5,,2.3333333,6.3333335,7.8571429,6,,5.75,2,,,,2025.1
1999,8,1,1,802,PDS,32220,21.1000003814697,27.1,1996,17.34000015258789,5,1,3,3.333333253860474,,,,2.833333253860474,,,,6.666666507720947,6.666667,1.5,,,,,,,,,,,,,,,,,,,,,,,,,,,,,,,,,,,,,,,,,,6,5.800000190734863,,6,,,6.666666507720947,6.333333492279053,6.199999809265137,6.333333492279053,,,,,,,,,,,,,,2025.1
2002,8,1,1,802,DS,32220,16.6,22.700001,2001,17.34000015258789,5,0,3.14,3.42,,,,2.54,,,,6.46,8.8000002,1.9666667,,,,,,,,,,,,,,,,,,,,,,,,,,,,,,,,,,,,,,,,,,5.92,,5.42,5.8,,4.8,6.33,6.09,6.36,6.33,,,,,,,,,,,,,,2025.1
2006,8,1,1,802,DS,32220,18.7,22,2006,18.14166641235352,5,.5,2.71,3,,,,2.88,,,,6.88,8.7666674,2.1300001,,1.860000014305115,6.139999866485596,3,5,2.170000076293945,7.5,,2.859999895095825,6.139999866485596,2,6.800000190734863,,,,2.170000076293945,3.670000076293945,3,6.329999923706055,,2.25,,,1.8,5.4000001,2,7.5,2.670000076293945,3.78600001335144,,,,,,4,6,,,2.6700001,7,,6.5,,6.14,,,,6.2,,,6.43,5.75,,,,,,,,,,,,,2025.1
1999,8,1,1,803,RC,32212,8.6,5.5999999,1996,4.269999980926514,6,0,.6000000238418579,.5,,,,3.166666746139526,,,,3,1.6666665,1.9999999,,,,,,,,,,,,,,,,,,,,,,,,,,,,,,,,,,,,,,,,,,4.25,4,,4.5,,,6.400000095367432,5.666666507720947,5.800000190734863,3.166666746139526,,,,,,,,,,,,,,2025.1
2002,8,1,1,803,RC,32212,5,1.8,2001,4.269999980926514,6,0,1.93,.71,,,,2.62,,,,3.54,4.3666663,2.6444445,,,,,,,,,,,,,,,,,,,,,,,,,,,,,,,,,,,,,,,,,,5.2,,3.08,4.2,,4,5.82,6.2,5.5,3.09,,,,,,,,,,,,,,2025.1
2006,8,1,1,803,RC,32212,5.7,6.5,2006,6.099999904632568,6,.5,1.29,.43,,,,.75,,,,3,4.6000004,2,,.1400000005960464,7,.6700000166893005,6.329999923706055,.1700000017881393,9.670000076293945,,1,6.570000171661377,.6,7.800000190734863,,,,.6700000166893005,4.170000076293945,2,7.5,,2,,,1.4,6.1999998,.800000011920929,8.25,2,4,,,,,,6,2.8,,,.33000001,8.1700001,,4.83,,2.86,,,,5.6,,,3.57,4.33,,,,,,,,,,,,,2025.1
2010,8,1,1,803,RC,32212,.78,0,2008,3.400000095367432,6,0,.5555555820465088,.6666666269302368,,,,.7777777910232544,,,,3.25,3.75,3.2,,.6666666865348816,9.111110687255859,.7777777910232544,7,.5555555820465088,9.375,,2.125,7,.6666666865348816,8.25,,,,.375,5.5,.625,7,,1.5,7.6666665,,,,1.125,6.777777671813965,2.833333253860474,2.5,1.625,7,,,,5.5714288,3.7142856,8.25,8.2857141,,,2.3333333,5,,2.875,,,,5.714285850524902,,,3.333333253860474,4,,,,,,,,,,,,,2025.1
2014,8,1,1,803,RC,32212,2.3,0,2013,1.33,6,0,.2857142984867096,.1428571492433548,9.2857141,,,1,7,,,2,4.1428571,2,,.6000000238418579,,.5,,.25,,.5,.75,,.5,,,,,.5,,1,,,3.25,,,2.25,,1.333333373069763,,5,,2,,,,,7,,9,,,,2.8333333,5.25,,1.600000023841858,,1.2857143,,6,,,1.600000023841858,2,,,,,9.333333,8.75,,,,14,17,13,2025.1
1999,8,1,1,805,AN,32710,15.7,14.8,1996,10.30000019073486,1,0,8.166666984558105,4.333333492279053,,,,8.666666984558105,,,,3.666666746139526,2.5,1.9999999,,,,,,,,,,,,,,,,,,,,,,,,,,,,,,,,,,,,,,,,,,3.799999952316284,4.800000190734863,,4.75,,,5.5,5,4.199999809265137,3.166666746139526,,,,,,,,,,,,,,2025.1
2002,8,1,1,805,AN,32710,12,16.299999,2001,10.30000019073486,1,1,7.79,5.29,,,,8.710000000000001,,,,4.31,5.2333331,4.2777777,,,,,,,,,,,,,,,,,,,,,,,,,,,,,,,,,,,,,,,,,,3.8,,3.82,3.8,,5.9,5.67,3.3,4,3.75,,,,,,,,,,,,,,2025.1
2006,8,1,1,805,AN,32710,12.3,11.3,2006,11.5,1,.5,8,5.43,,,,8.880000000000001,,,,4.75,4.1666665,3,,5.710000038146973,5.710000038146973,4.670000076293945,4.5,5.5,4.670000076293945,,9.149999618530273,7.300000190734863,9.199999809265137,9.399999618530273,,,,8,6.329999923706055,7,8.329999923706055,,9.5,,,9.3999996,7,7.199999809265137,6.25,6.329999923706055,5,,,,,,6.5999999,7.1999998,,,7.3299999,7.6700001,,4.33,,4.71,,,,5.8,,,4.14,3.57,,,,,,,,,,,,,2025.1
2010,8,1,1,805,AN,32710,,,2008,,1,0,7.333333015441895,5.222222328186035,,,,7.333333015441895,,,,5.75,5,3.5999999,,5.5,5.875,5.428571224212646,6.142857074737549,4.875,5.857142925262451,,8.25,7.55555534362793,7.222222328186035,6.142857074737549,,,,7,5.25,6.875,7.875,,6.2857141,7.6666665,,,,5.5,6.714285850524902,5.599999904632568,2.666666746139526,6.8571429,4.5714288,,,,6.5714288,5,2.5714285,7.6666665,,,1.5555556,5.333333492279053,,5,,,,6.599999904632568,,,5.666666507720947,4.25,,,,,,,,,,,,,2025.1
1999,8,1,1,806,PRI,,1.70000004768372,.5,1996,.5400000214576721,3,0,5,5.800000190734863,,,,5.166666507720947,,,,5.833333492279053,4.583333,.99999994,,,,,,,,,,,,,,,,,,,,,,,,,,,,,,,,,,,,,,,,,,4.800000190734863,4.400000095367432,,4,,,5.400000095367432,4.5,5.199999809265137,6.199999809265137,,,,,,,,,,,,,,2025.1
1999,8,1,1,807,PSDI,,,,1996,2.160000085830688,5,0,4.5,4,,,,4.599999904632568,,,,6.199999809265137,3.5000002,1.5,,,,,,,,,,,,,,,,,,,,,,,,,,,,,,,,,,,,,,,,,,5.599999904632568,5.599999904632568,,5.25,,,6,5.199999809265137,5.199999809265137,6,,,,,,,,,,,,,,2025.1
2006,8,1,1,807,SDI,,1.46,1.7,2006,2.591666698455811,5,.5,3.86,3.83,,,,1.38,,,,6.43,5.4333339,.60000002,,3,5.139999866485596,3.200000047683716,4,3,5.829999923706055,,1.5,6.670000076293945,1,7.400000095367432,,,,.5,3.329999923706055,3.5,5.800000190734863,,3.25,,,2.5,6,2.200000047683716,6.5,2,3,,,,,,3.75,5.3299999,,,4.4000001,4.8000002,,6.2,,5.67,,,,5.8,,,6.17,5,,,,,,,,,,,,,2025.1
1999,8,1,1,808,FdV,32110,2.5,2.5,1996,1.759999990463257,7,1,3.833333253860474,3.833333253860474,,,,1.333333373069763,,,,5.333333492279053,4.583333,3,,,,,,,,,,,,,,,,,,,,,,,,,,,,,,,,,,,,,,,,,,5.5,4.599999904632568,,5,,,5.199999809265137,6.833333492279053,6.599999904632568,4.333333492279053,,,,,,,,,,,,,,2025.1
2006,8,1,1,808,VERDI,32110,2,2.4000001,2006,2.5,7,.5,2.29,3,,,,.63,,,,5.88,6.6666665,1.63,,1.139999985694885,5.5,2.5,4.5,2.5,6,,.5,7,.6000000238418579,8.399999618530273,,,,.5,3.599999904632568,1.830000042915344,5.829999923706055,,2.75,,,1,6,1,7,3.670000076293945,6.329999923706055,,,,,,3.75,6.1999998,,,1.6,6.6700001,,6.2,,5.17,,,,6,,,5.43,5.6,,,,,,,,,,,,,2025.1
2010,8,1,1,808,VERDI,32110,.78,0,2008,,7,0,1.75,2,,,,.75,,,,5.857142925262451,5.7142854,1.75,,1.571428537368774,8.142857551574707,2.142857074737549,6.714285850524902,2,7.714285850524902,,2.142857074737549,6.714285850524902,.625,8.666666984558105,,,,.4285714328289032,5.571428775787354,1.142857193946838,7.833333492279053,,1.1666666,7.1999998,,,,.8571428656578064,7.666666507720947,5.199999809265137,5,.2857143,9.7142859,,,,3.1666667,6,7.1428571,7.8333335,,,1.5714285,6.5,,5.166666507720947,,,,6.400000095367432,,,5.599999904632568,5.199999809265137,,,,,,,,,,,,,2025.1
1999,8,1,1,811,LN,32720,10.1000003814697,9.3999996,1996,4.489999771118164,8,0,7,8.833333015441895,,,,6.166666507720947,,,,3.166666746139526,2.0833335,3.5000002,,,,,,,,,,,,,,,,,,,,,,,,,,,,,,,,,,,,,,,,,,4.400000095367432,3.400000095367432,,4,,,2.400000095367432,2.5,1.799999952316284,3,,,,,,,,,,,,,,2025.1
2002,8,1,1,811,LN,32720,3.9,4.9000001,2001,4.489999771118164,8,1,7.71,7.28,,,,8.23,,,,2.31,5.4666672,1.8777778,,,,,,,,,,,,,,,,,,,,,,,,,,,,,,,,,,,,,,,,,,2.75,,2.42,1.9,,4.6,3.09,2.9,2.64,2.17,,,,,,,,,,,,,,2025.1
2006,8,1,1,811,LN,32720,4.5,4.0999999,2006,5,8,.5,8.710000000000001,8.140000000000001,,,,8.75,,,,1.5,6.6666665,1.63,,8.710000038146973,7.570000171661377,7.670000076293945,7.670000076293945,8,5,,9.710000038146973,8.430000305175781,8.600000381469727,8.800000190734863,,,,6.5,5,8.170000076293945,8.5,,10,,,9,8,8.600000381469727,7.25,6,6,,,,,,3.8,10,,,6.5,6.6700001,,2.17,,3.57,,,,3.4,,,2.57,1.25,,,,,,,,,,,,,2025.1
2010,8,1,1,811,LN,32720,8.300000000000001,9.5,2008,10.19999980926514,8,1,8.55555534362793,7.333333015441895,,,,8.44444465637207,,,,2.666666746139526,5.9259257,2,,8.111110687255859,5.777777671813965,6.333333492279053,5.222222328186035,6.777777671813965,4.875,,8.875,7.888888835906982,8.777777671813965,6.875,,,,7.375,6.5,9.875,9.75,,10,7.7142859,,,,9.75,8.222222328186035,6.166666507720947,4.166666507720947,8,3,,,,.125,10,4.2857141,4,,,2.5555556,3.25,,3.625,,,,4.333333492279053,,,3.75,1.625,,,,,,,,,,,,,2025.1
2014,8,1,1,811,LN,32720,4.1,2.9000001,2013,6.2,8,0,8.857142448425293,7.285714149475098,8.166667,,,9.142857551574707,7.1666665,,,1.142857193946838,8.8571424,.85714287,,7,,5.199999809265137,,5.599999904632568,,6.8000002,9,,9.199999809265137,,,,,5.599999904632568,,9.5,,,5.8000002,,,9.6000004,,9.75,,7.25,,5.8000002,,,,,1,,6.8000002,,,,3,2.799999952316284,,1.5,,1.1428572,,4.400000095367432,,,1.200000047683716,1.142857193946838,,,,,8.8000002,6.4000001,,,,9,8,1,2025.1
2019,8,1,1,811,LN,32720,17.39,20.1,2018,34.26,1,.5,8.789473533630371,7.684210300445557,6.8235292,2.8571429,3.5555556,9.210526466369629,7.3888888,1,.75,1.684210538864136,8.3684206,2.75,3.125,8.882352828979492,,6.5,,7.315789699554443,5.058823585510254,6.1764708,9.333333015441895,,8.222222328186035,,,,,8.117647171020508,,9.947368621826172,9.94444465637207,.23529412,9.8235292,8.4117651,.375,9.1176472,,8,,6.769230842590332,,7.647059,1.8823529,,,8.4285717,2.8666666,,,,,,,,,2.799999952316284,,1.2,,4.25,,1.625,2.785714387893677,,,4.8000002,9,6.9375,8.333333,3.375,9.1333332,,,,,,2025.1
2024,8,1,1,811,Lega,32720,8.789999999999999,66,2022,9,1,,8.666666984558105,6.800000190734863,6.9333334,4.8000002,3.75,8.866666793823242,8.1999998,2.6666667,1,1.600000023841858,7.8666668,3.5,2.5555556,7.25,,5.900000095367432,,7.714285850524902,6.07692289352417,,8.666666984558105,,,,6.7777777,9.3999996,8.8888893,7.25,,9.866666793823242,9.600000381469727,.41666666,9.7692308,9.6923075,,9.125,,8,,7.714285850524902,,8.25,5.625,7.1428571,2.7142856,10,2.9230769,,,,,,,,,3.666666746139526,,,,,,,1.200000047683716,,7,,9.5,6.375,7.6666665,2.75,,8,7.2857141,,,,2025.1
2006,8,1,1,813,RAD,,1.05,1.1,2006,2.299999952316284,3,.5,3.83,6.67,,,,.13,,,,6.5,7.9333339,.28999999,,4,7,6.5,6.170000076293945,5,4.800000190734863,,.5,8,.4000000059604645,7.800000190734863,,,,.1700000017881393,4,2.400000095367432,5.199999809265137,,3.5,,,.80000001,6.75,1.200000047683716,8.25,2,4,,,,,,3.75,7,,,5.6700001,5.5999999,,6.8,,5.83,,,,6,,,6.17,5.76,,,,,,,,,,,,,2025.1
2019,8,1,1,813,RI,,,,2018,,3,0,4.3125,6.599999904632568,5.75,2,3.375,.4117647111415863,8.75,.2857143,1.125,6.75,8.8125,1.25,1.1666666,6.07692289352417,,7.071428775787354,,5.714285850524902,4.92307710647583,7.7333331,.9285714030265808,,.5625,,,,,.4000000059604645,,1.866666674613953,5.533333301544189,1.0833334,2.0714285,6.5384617,1.0833334,1.2666667,,1.700000047683716,,2.5,,4.6666665,4.3076925,,,1.6923077,4.4444447,,,,,,,,,6.642857074737549,,6.5384617,,5.75,,6.666666507720947,6.416666507720947,,,3.7272727,.5,3.3571429,2.2,5.6153846,4.8333335,,,,,,2025.1
1999,8,1,1,814,CCD,32521,2.9,1,1996,2.589999914169312,4,0,6,5,,,,7.5,,,,6,3.333333,0,,,,,,,,,,,,,,,,,,,,,,,,,,,,,,,,,,,,,,,,,,5.199999809265137,5.400000095367432,,5,,,5.833333492279053,5,5.199999809265137,5,,,,,,,,,,,,,,2025.1
2002,8,1,1,814,CCD,32521,1.6,3.3,2001,2.589999914169312,4,1,5.86,5.21,,,,7.62,,,,6.15,6.6666665,1.5777779,,,,,,,,,,,,,,,,,,,,,,,,,,,,,,,,,,,,,,,,,,5.33,,5.6,4.9,,5.8,6,4.73,5.36,5.45,,,,,,,,,,,,,,2025.1
2006,8,1,1,814,UDC,32530,6.8,6.1999998,2006,5.900000095367432,4,.5,5.86,5.14,,,,7.63,,,,6.25,5.8333335,1.13,,6,5.289999961853027,5.170000076293945,4.329999923706055,5.5,4.670000076293945,,7.139999866485596,7,8.800000190734863,9.399999618530273,,,,9.600000381469727,9.670000076293945,5.829999923706055,5.5,,8.25,,,6.5,3.25,5.800000190734863,5.5,7,4.329999923706055,,,,,,5.8000002,5.8000002,,,8.1700001,8,,5,,5.86,,,,6,,,4.86,4.33,,,,,,,,,,,,,2025.1
2010,8,1,1,814,UDC,32530,5.8,5.6999998,2008,6.5,4,0,5.333333492279053,5,,,,7.44444465637207,,,,6.333333492279053,5.5555558,1.5714285,,4.875,5.222222328186035,4.888888835906982,4.666666507720947,4.44444465637207,4.5,,5.875,5.44444465637207,8.222222328186035,7.5,,,,9.375,9.375,4.875,4.875,,7.5,5.5,,,,3.75,4.25,5.666666507720947,3.5,6,3,,,,5.8571429,4.4285712,3.2857144,4.8571429,,,1,6.285714149475098,,6,,,,6.142857074737549,,,6.285714149475098,3.400000095367432,,,,,,,,,,,,,2025.1
2014,8,1,1,814,UDC,32530,1.8,1.3,2013,1.5,4,1,5.285714149475098,5.285714149475098,7.6666665,,,7.857142925262451,6.8571429,,,6.142857074737549,4.2857141,1.2,,4.75,,5,,6,,4.75,6.75,,8.5,,,,,8.75,,4.666666507720947,,,5,,,6.5,,6,,5,,6.5,,,,,7.25,,3,,,,1.1428572,6,,5.666666507720947,,4.4285712,,6.333333492279053,,,6.199999809265137,2.25,,,,,1.5,5.25,,,,13,3,8,2025.1
1999,8,1,1,815,FI,32610,20.6000003814697,19.5,1996,25.17000007629395,2,0,6.833333492279053,7.333333492279053,,,,6.833333492279053,,,,4.833333492279053,3.333333,3.5000002,,,,,,,,,,,,,,,,,,,,,,,,,,,,,,,,,,,,,,,,,,5.099999904632568,4.666666507720947,,4.75,,,4.5,4,4.400000095367432,4.199999809265137,,,,,,,,,,,,,,2025.1
2002,8,1,1,815,FI,32610,29.4,29.200001,2001,25.17000007629395,2,1,6.93,7.93,,,,6.31,,,,4.62,5.9666667,4.9555554,,,,,,,,,,,,,,,,,,,,,,,,,,,,,,,,,,,,,,,,,,4.3,,5.25,4.1,,5,5.33,3.6,4.82,4.25,,,,,,,,,,,,,,2025.1
2006,8,1,1,815,FI,32610,23.6,22.200001,2006,21,2,.5,7.14,7.71,,,,7,,,,4.13,5,2.5,,8.140000343322754,7.289999961853027,7.5,7.5,7.329999923706055,4.170000076293945,,6.860000133514404,6.710000038146973,7.199999809265137,6.400000095367432,,,,7.329999923706055,5.170000076293945,6.670000076293945,7.170000076293945,,8.25,,,7,4,6.800000190734863,4.75,4,4.670000076293945,,,,,,4.5999999,6.4000001,,,9.5,9.5,,4,,4.86,,,,5.4,,,3.57,5.38,,,,,,,,,,,,,2025.1
2010,8,1,1,815,PDL,32061,38.2,43.799999,2008,35.29999923706055,2,1,7.55555534362793,7.55555534362793,,,,8.44444465637207,,,,4.666666507720947,3.7037039,4.5,,8.55555534362793,6.333333492279053,7.44444465637207,6.333333492279053,8.333333015441895,4.333333492279053,,7.625,8.111110687255859,8,5.875,,,,7.5,6.75,8.25,7.875,,8.1428576,6.4285712,,,,8.375,5.333333492279053,3.666666746139526,2.166666746139526,8.875,2.125,,,,3.5,5.625,2.25,6.125,,,1.2222222,4.375,,5.375,,,,6.142857074737549,,,5.625,5.125,,,,,,,,,,,,,2025.1
2014,8,1,1,815,FI,32061,21.6,15.7,2013,16.8,2,0,6.714285850524902,7,8.333333,,,7.285714149475098,5.6666665,,,3.428571462631226,5.8571429,5.8571429,,7.800000190734863,,7.599999904632568,,8.800000190734863,,8,8,,7.599999904632568,,,,,6.800000190734863,,7.75,,,5.1999998,,,7.1999998,,8.25,,5,,8,,,,,6,,2.5999999,,,,2.2857144,4,,5,,2.1428571,,6,,,4,4,,,,,4,3.2,,,,13,5,8,2025.1
2019,8,1,1,815,FI,32061,14,17.200001,2018,8.779999999999999,2,0,6.947368621826172,7.842105388641357,7.2941175,4,2.3333333,6.842105388641357,5.0588236,4.5,4,4.894736766815186,5.7777777,4.125,5,8.470588684082031,,8.058823585510254,,6.888888835906982,6.5,7.8823528,6.823529243469238,,6.222222328186035,,,,,6.470588207244873,,7,5.833333492279053,3.75,7.4375,5.1875,3.5,6.4117646,,6.5,,3.076923131942749,,7.5625,2.375,,,3.7857144,4.7142859,,,,,,,,,5.285714149475098,,3.7142856,,5.636363506317139,,3.714285612106323,4.92307710647583,,,2.6666667,4.8000002,4.0666666,4.1764708,2.4666667,9.1333332,,,,,,2025.1
2024,8,1,1,815,FI,32061,8.109999999999999,45,2022,9.600000381469727,2,,6.733333110809326,7.400000095367432,7.8666668,2.5999999,2,6.071428775787354,5.3333335,5,3.6363637,5.333333492279053,7.5,4.75,3.1111112,8.5,,7.800000190734863,,8.214285850524902,6.538461685180664,,6.333333492279053,,,,5,6.8000002,6.5555553,5.285714149475098,,6.466666698455811,6.466666698455811,4,6.5384617,6.5,,6.625,,7,,3.833333253860474,,7,4,6.1428571,2.1428571,8,5.0769229,,,,,,,,,6,,,,,,,5.199999809265137,,3,,5,4.75,3,1,,7.5,7.2857141,,,,2025.1
1999,8,1,1,817,UD,,1.70000004768372,.5,1996,,3,0,5,5,,,,5,,,,5,2.5,1.6666665,,,,,,,,,,,,,,,,,,,,,,,,,,,,,,,,,,,,,,,,,,4.666666507720947,5,,6.5,,,6.5,5,5.5,5.5,,,,,,,,,,,,,,2025.1
1999,8,1,1,818,CDU,,2.9,1,1996,2.150000095367432,4,0,6.333333492279053,5,,,,7.666666507720947,,,,5.666666507720947,2.916667,.50000012,,,,,,,,,,,,,,,,,,,,,,,,,,,,,,,,,,,,,,,,,,4.800000190734863,5,,5,,,5.833333492279053,4.75,5.199999809265137,5,,,,,,,,,,,,,,2025.1
2002,8,1,1,818,CDU,,1.6,3.3,2001,2.150000095367432,4,1,6,5.29,,,,7.85,,,,6.23,6.6666665,1.5777779,,,,,,,,,,,,,,,,,,,,,,,,,,,,,,,,,,,,,,,,,,5.42,,5.5,4.8,,5.6,6.09,4.64,5.27,5.36,,,,,,,,,,,,,,2025.1
1999,8,1,1,819,DEM,,,,1996,7.739999771118164,3,0,4.333333492279053,4.333333492279053,,,,4,,,,7,6.666667,0,,,,,,,,,,,,,,,,,,,,,,,,,,,,,,,,,,,,,,,,,,6.333333492279053,6,,6.25,,,6,6.333333492279053,6.400000095367432,6.666666507720947,,,,,,,,,,,,,,2025.1
2002,8,1,1,819,DEM,,7.25,6.5999999,2001,,3,0,3.92,4.25,,,,4.1,,,,6.45,8.9000006,1.1111112,,,,,,,,,,,,,,,,,,,,,,,,,,,,,,,,,,,,,,,,,,6.3,,6.09,5.7,,4.89,6.18,5.82,6.09,6.09,,,,,,,,,,,,,,2025.1
2006,8,1,1,819,DL,,10.9,12.9,2006,9.070833206176758,3,.5,4,4.43,,,,5.13,,,,7,8.7666674,1.13,,3.430000066757202,6.289999961853027,3.829999923706055,5.5,3.329999923706055,7,,4,6.139999866485596,4.199999809265137,7,,,,5.829999923706055,6.170000076293945,3.170000076293945,6,,3.5,,,2.8,5.8000002,2.200000047683716,7.25,4.329999923706055,3,,,,,,4,5.8000002,,,3.5,6.6700001,,6.5,,6.14,,,,6.2,,,6.43,5.63,,,,,,,,,,,,,2025.1
1999,8,1,1,820,LB,,,,1996,8.460000038146973,9,0,4.599999904632568,8.199999809265137,,,,.6000000238418579,,,,6.166666507720947,6,.99999994,,,,,,,,,,,,,,,,,,,,,,,,,,,,,,,,,,,,,,,,,,6,6,,6.25,,,6.400000095367432,6.599999904632568,6.400000095367432,6.800000190734863,,,,,,,,,,,,,,2025.1
1999,8,1,1,821,MS,,.9,0,1996,1.590000033378601,1,0,9.666666984558105,5.166666507720947,,,,9.600000381469727,,,,2.166666746139526,1.25,0,,,,,,,,,,,,,,,,,,,,,,,,,,,,,,,,,,,,,,,,,,3.75,3,,2.75,,,3.333333253860474,2.333333253860474,2.400000095367432,2,,,,,,,,,,,,,,2025.1
1999,8,1,1,836,PdCI,32213,,,1996,,6,0,2.16666674613953,1,,,,3,,,,4.5,2.916667,1.5,,,,,,,,,,,,,,,,,,,,,,,,,,,,,,,,,,,,,,,,,,5.40000009536743,5.59999990463257,,5.75,,,6.40000009536743,5.5,6.25,5.40000009536743,,,,,,,,,,,,,,2025.1
1999,8,1,1,823,PPI,32520,1.70000004768372,.5,1996,4.239999771118164,4,1,4.833333492279053,4,,,,6.333333492279053,,,,6.5,5,.50000012,,,,,,,,,,,,,,,,,,,,,,,,,,,,,,,,,,,,,,,,,,5.599999904632568,5.400000095367432,,5.25,,,6.333333492279053,5.800000190734863,5.800000190734863,6.166666507720947,,,,,,,,,,,,,,2025.1
2002,8,1,1,823,PPI,32520,4.6,4.1999998,2001,4.239999771118164,4,0,4.42,4.21,,,,5.38,,,,6.46,8.5666666,1.7111111,,,,,,,,,,,,,,,,,,,,,,,,,,,,,,,,,,,,,,,,,,6.25,,5.83,5.5,,5.6,6.25,5.27,6.09,6.09,,,,,,,,,,,,,,2025.1
1999,8,1,1,824,PsDA,,.7,0,1996,,8,0,4.199999809265137,3.666666746139526,,,,6.25,,,,5.25,3.75,1.25,,,,,,,,,,,,,,,,,,,,,,,,,,,,,,,,,,,,,,,,,,4,4.666666507720947,,4,,,6.333333492279053,3.5,6,4,,,,,,,,,,,,,,2025.1
1999,8,1,1,825,RI,32321,4.3,1.3,1996,1.139999985694885,9,1,4.833333492279053,6.166666507720947,,,,5.199999809265137,,,,6.5,5.5,.99999994,,,,,,,,,,,,,,,,,,,,,,,,,,,,,,,,,,,,,,,,,,5.599999904632568,5.800000190734863,,5.75,,,5.25,5.599999904632568,5.400000095367432,6.400000095367432,,,,,,,,,,,,,,2025.1
2002,8,1,1,825,RI,32321,1.2,1.1,2001,1.139999985694885,9,0,5.23,5.77,,,,5.83,,,,5.92,7.5,1.6111112,,,,,,,,,,,,,,,,,,,,,,,,,,,,,,,,,,,,,,,,,,6.1,,6,5.7,,4.22,5.91,5.18,5.73,5.91,,,,,,,,,,,,,,2025.1
1999,8,1,1,826,SEG,,,,1996,,9,0,6,6.400000095367432,,,,4.599999904632568,,,,6,3,0,,,,,,,,,,,,,,,,,,,,,,,,,,,,,,,,,,,,,,,,,,5.800000190734863,5.599999904632568,,5.5,,,4.800000190734863,4.800000190734863,4.25,5.75,,,,,,,,,,,,,,2025.1
1999,8,1,1,827,SVP,32904,1.70000004768372,.5,1996,.5,8,0,5.800000190734863,5.5,,,,6.800000190734863,,,,4.800000190734863,3,.625,,,,,,,,,,,,,,,,,,,,,,,,,,,,,,,,,,,,,,,,,,5,5.5,,6,,,5.5,6.5,4.666666507720947,5.5,,,,,,,,,,,,,,2025.1
2006,8,1,1,827,SVP,32904,.5,.60000002,2006,.5,8,0,5,4.67,,,,7,,,,6.33,4.4333329,1,,4.670000076293945,5.329999923706055,4.670000076293945,4.329999923706055,4,4,,5.670000076293945,6.329999923706055,,,,,,,,,,,,,,,,,,,,,,,,,,,,,,,,6.33,,5.25,,,,5,,,5.75,2.75,,,,,,,,,,,,,2025.1
2010,8,1,1,827,SVP,32904,.4,.30000001,2008,,8,0,5.75,5.5,,,,6.833333492279053,,,,6.400000095367432,6.6666665,1.25,,4.5,4.400000095367432,5.400000095367432,6,5.400000095367432,5,,5.5,5.199999809265137,4.800000190734863,5.75,,,,7.666666507720947,5.800000190734863,7.25,5,,9,4.75,,,,2.166666746139526,7.800000190734863,8,7.666666507720947,3.8,6.8000002,,,,.5,8.5,3.5,2,,,2.375,6.75,,6.25,,,,6.5,,,6.666666507720947,1.666666626930237,,,,,,,,,,,,,2025.1
2014,8,1,1,827,SVP,32904,.4,.80000001,2013,.5,8,0,5,5.400000095367432,6.5999999,,,7.25,5,,,5.666666507720947,3.25,1,,4.5,,5,,4.5,,5,4.5,,6.5,,,,,7,,6,,,5.5,,,6.6666665,,.5,,8,,4,,,,,.66666669,,5,,,,1,6,,6,,4.25,,6.333333492279053,,,6,2,,,,,5,4.5,,,,53,,,2025.1
2019,8,1,1,827,SVP,32904,.41,.60000002,2018,.53,8,0,5.166666507720947,5.125,4.4000001,1.25,,6.666666507720947,5.5999999,1.3333334,1.5,5.900000095367432,5.2222223,.5,2,5.5,,5.599999904632568,,5.199999809265137,5.25,5.75,5,,5.857142925262451,,,,,7.125,,6.5,4.800000190734863,2.5,5.1666665,5.75,2,3.875,,1.799999952316284,,8.125,,4.5714288,4.5,,,4,.91666669,,,,,,,,,5.75,,5.5,,6.400000095367432,,5,6.333333492279053,,,1.5,2.75,1.4,2.1666667,4.5999999,6.4000001,,,,,,2025.1
2024,8,1,1,827,SVP,32904,.42,3,2022,.5199999809265137,8,,4.916666507720947,5,5.4000001,1.75,2.75,5.083333492279053,3.4000001,2.3333333,4.1999998,5.545454502105713,5.0999999,,1.8571428,4,,4.428571224212646,,5.199999809265137,5.199999809265137,,5,,,,2.5999999,5.5,5.4000001,6,,5.5,3.428571462631226,2.1666667,6,3.4285715,,5.75,,1,,7.400000095367432,,4,3,5,4.75,,1.7692307,,,,,,,,,5.5,,,,,,,5,,7,,1,3.8,.33333334,5,,,2.8,,,,2025.1
2002,8,1,1,828,IdV,32902,3.9,0,2001,,3,0,5,5.08,,,,6.45,,,,5,4,1,,,,,,,,,,,,,,,,,,,,,,,,,,,,,,,,,,,,,,,,,,4.88,,4.5,4.63,,4.17,5.14,4.57,5,5.33,,,,,,,,,,,,,,2025.1
2006,8,1,1,828,IdV,32902,2.3,2.7,2006,2.099999904632568,3,.5,4.83,4.6,,,,5.43,,,,5.57,2.5,.60000002,,4,7.75,4.5,5,3.75,5,,5.599999904632568,8.25,3.329999923706055,6.5,,,,5,1.527999997138977,,5.670000076293945,,,,,3.3299999,,3,6,,,,,,,,4,,,,2.75,5.3299999,,6.25,,5.2,,,,6,,,6.2,4.25,,,,,,,,,,,,,2025.1
2010,8,1,1,828,IdV,32902,4.5,4.5999999,2008,8,3,0,4,4.714285850524902,,,,3.5,,,,6.142857074737549,5,1.5,,3.888888835906982,5.875,4.714285850524902,4.833333492279053,3.75,5,,6.142857074737549,8.375,3,5.333333492279053,,,,3.857142925262451,4.142857074737549,3.833333253860474,3.833333253860474,,3.6666667,5.3333335,,,,2.833333253860474,4.142857074737549,3.666666746139526,2.166666746139526,3,5,,,,4.3333335,4.1666665,4,3.8333333,,,1,6,,6,,,,5.833333492279053,,,6.166666507720947,5,,,,,,,,,,,,,2025.1
2002,8,1,1,829,UDEUR,32953,1.2,1.1,2001,,3,0,5.57,4.93,,,,6.64,,,,5.77,5.6333337,1.7555555,,,,,,,,,,,,,,,,,,,,,,,,,,,,,,,,,,,,,,,,,,5.11,,5.09,4.7,,5.44,6.2,4.56,5.4,5.4,,,,,,,,,,,,,,2025.1
2006,8,1,1,829,UDEUR,32953,1.4,1.6,2006,1.299999952316284,3,.5,5,4.29,,,,7.75,,,,6.29,3.8000004,.80000001,,3.710000038146973,5.400000095367432,3.599999904632568,3.799999952316284,3.670000076293945,5.170000076293945,,5,6,7.199999809265137,8.199999809265137,,,,8.5,9.170000076293945,5.400000095367432,6.199999809265137,,5.75,,,3,5,3.75,6.5,6,6.329999923706055,,,,,,5.1999998,6,,,5.1999998,5.8000002,,6.25,,5.8,,,,5.8,,,6.2,4,,,,,,,,,,,,,2025.1
2006,8,1,1,830,PP,,.9,0,2006,1.100000023841858,2,0,5.75,4.5,,,,8,,,,4.6,2.6666665,1,,3.75,4.670000076293945,4,3.75,3.75,6.25,,6.5,6.5,7.670000076293945,6,,,,6.670000076293945,7.329999923706055,5.670000076293945,4.670000076293945,,7.3299999,,,,,6,1.330000042915344,,,,,,,,6.3299999,,,,5,5,,5.67,,4,,,,5.25,,,4.2,3.2,,,,,,,,,,,,,2025.1
2006,8,1,1,832,MRE,,1.56,0,2006,1.295833349227905,3,0,4.33,4.75,,,,3.83,,,,7,7.2333336,.82999998,,4,6.599999904632568,4.5,5.25,4.5,6.400000095367432,,4,6.800000190734863,2.75,7.400000095367432,,,,1.75,4,6.25,6.75,,3.6700001,,,,5.6700001,4.329999923706055,7.670000076293945,,,,,,,,3.5,,,,4,6,,6.75,,6.17,,,,6.25,,,6.5,5.6,,,,,,,,,,,,,2025.1
2024,8,1,1,832,+E,,2.83,2,2022,3.769999980926514,3,,4.333333492279053,5.266666889190674,5.8571429,2.2,2.75,1.333333373069763,6.9333334,.75,.63636363,6.933333396911621,9.3999996,2.75,1.1111112,4.25,,5.888888835906982,,4.538461685180664,5.083333492279053,,1.833333373069763,,,,.8888889,.80000001,.44444445,.625,,2.428571462631226,5.666666507720947,1.5,2.6153846,5.75,,.5,,1.333333373069763,,4,,3.25,5.625,3.7142856,6.7142859,0,5.5999999,,,,,,,,,6.333333492279053,,,,,,,7,,0,,2,3,1,5.25,,3.5,2.2857144,,,,2025.1
2006,8,1,1,835,NPSI,32611,.7,.60000002,2006,2,9,.5,5.43,5.67,,,,3.57,,,,5.33,4.4333329,1.33,,5,5.199999809265137,4.800000190734863,3.599999904632568,5.199999809265137,4.75,,5.400000095367432,4.800000190734863,2.75,3.400000095367432,,,,2.799999952316284,1.75,6.25,4.670000076293945,,3.75,,,2.3299999,4.3299999,5,6,2.329999923706055,2.329999923706055,,,,,,4.25,3.6700001,,,6.75,5.25,,5.25,,5.5,,,,5.6,,,4.71,4.6,,,,,,,,,,,,,2025.1
2006,8,1,1,836,PdCI,32213,2.3,2.5,2006,2.400000095367432,6,0,.86,.29,,,,.88,,,,2.75,3.3333333,.5,,.2899999916553497,6.5,.5,6,.1700000017881393,9.670000076293945,,.8600000143051147,6.570000171661377,.6000000238418579,7.800000190734863,,,,.5,3.799999952316284,2,7.199999809265137,,2,,,1.4,6.25,1,8.25,2,4.670000076293945,,,,,,5.4000001,3,,,.33000001,7.5,,4.8,,2.67,,,,5.8,,,4,3.8,,,,,,,,,,,,,2025.1
2010,8,1,1,836,PdCI,32213,.78,0,2008,,6,0,.7999999523162842,1,,,,1.285714387893677,,,,3.75,,,,.8333333134651184,8.833333015441895,1,7.199999809265137,.7142857313156128,9.166666984558105,,3.666666746139526,7.333333492279053,2.200000047683716,9.199999809265137,,,,1,5.333333492279053,1.399999976158142,7,,2,6,,,,1.333333373069763,6.714285850524902,3.799999952316284,2.599999904632568,1.4,7.4000001,,,,2.4000001,6.4000001,7.4000001,7.4000001,,,3,5.666666507720947,,3,,,,6.333333492279053,,,5.5,4,,,,,,,,,,,,,2025.1
2010,8,1,1,837,PD,32440,34,34.400002,2008,26.10000038146973,5,0,3.222222328186035,3.55555534362793,,,,3.111111164093018,,,,6.55555534362793,7.0370374,1.875,,2.555555582046509,8,3.888888835906982,6.222222328186035,2.777777671813965,7.625,,4.125,7.333333492279053,3,7,,,,4.25,6.125,3,6.125,,3.8571429,6.5714288,,,,2.375,5.888888835906982,4.199999809265137,2.333333253860474,4,5.875,,,,3.625,6.625,3.625,6,,,1.1111112,6.375,,5.875,,,,6.142857074737549,,,6.25,4.875,,,,,,,,,,,,,2025.1
2014,8,1,1,837,PD,32440,25.4,47.299999,2013,40.8,5,1,3.571428537368774,4.571428775787354,9,,,2.428571462631226,6.2857141,,,6.571428775787354,7.5714288,2.8571429,,5.199999809265137,,5.400000095367432,,2.799999952316284,,4.5999999,3.599999904632568,,3.200000047683716,,,,,3.400000095367432,,3.25,,,4.5999999,,,3.4000001,,2.5,,4.333333492279053,,4,,,,,4.75,,3.5999999,,,,1,6,,6.333333492279053,,5.1428571,,6.714285850524902,,,5.666666507720947,5.5,,,,,4.4000001,7,,,,13,8,34,2025.1
2019,8,1,1,837,PD,32440,18.76,18.1,2018,22.74,5,.5,3.21052622795105,3.578947305679321,7.1764708,5.4285712,3.2222223,2.263157844543457,6.7647057,2.375,3.125,6.789473533630371,7.9473686,1.625,1.8571428,3.647058725357056,,3.941176414489746,,2.722222328186035,7.3125,3.8235295,2.823529481887817,,2.333333253860474,,,,,3.29411768913269,,3.052631616592407,6.777777671813965,3.5625,2.7058823,7.4117646,3.2666667,2,,2,,2.571428537368774,,4.1176472,6.5294118,,,3.2857144,4.1333332,,,,,,,,,6.266666889190674,,5.75,,6.416666507720947,,6.133333206176758,6.538461685180664,,,5.6428571,1.25,2.0625,1.8823529,5.3333335,5.2666669,,,,,,2025.1
2024,8,1,1,837,PD,32440,19.04,69,2022,24.10000038146973,5,,2.933333396911621,2.933333396911621,7.3333335,4.5,2.125,2.333333253860474,7.4000001,4,1.6363636,6.800000190734863,7.8666668,2.75,1.4444444,2,,3.200000047683716,,2.571428537368774,8,,3.333333253860474,,,,.55555558,.40000001,.77777779,2.5,,2.200000047683716,6,2.9166667,2,6.6153846,,1.5,,1.25,,4.833333492279053,,1.875,7.125,3.1428571,6.7142859,4,5.8461537,,,,,,,,,5.666666507720947,,,,,,,6.400000095367432,,9,,.75,3.125,2.6666667,5.25,,3,1.8571428,,,,2025.1
2010,8,1,1,838,SL,32230,,,2008,3.1,5,0,1.625,1.75,,,,.75,,,,4.5,4.2857146,3,,1.25,8.5,1.5,6.625,1.125,8.714285850524902,,2.285714387893677,6.625,.5,8.428571701049805,,,,.5714285969734192,4.857142925262451,1.285714268684387,7,,1.8333334,7.5,,,,1,6.285714149475098,3.400000095367432,2.166666746139526,1.1666666,8.1999998,,,,4.6666665,4.8333335,7.6666665,7,,,1.4285715,5.666666507720947,,3.400000095367432,,,,6.25,,,4.25,5,,,,,,,,,,,,,2025.1
2014,8,1,1,838,SEL,32230,3.2,6,2013,1.33,5,0,1.285714268684387,.7142857313156128,8.833333,,,.2857142984867096,6.6666665,,,3.142857074737549,5.5714288,2,,1.200000047683716,,1.200000047683716,,.800000011920929,,1,1.200000047683716,,.6000000238418579,,,,,1,,1.25,,,4.8000002,,,2,,1.5,,4,,1.6,,,,,5.6666665,,8.1999998,,,,2.4285715,5.5,,2.400000095367432,,1.5714285,,5.5,,,2.75,3.5,,,,,6.8000002,7.1999998,,,,14,42,2,2025.1
2019,8,1,1,838,SI,32230,3.39,2.3,2018,1.75,5,.5,1.444444417953491,1,7.6666665,2.6666667,1.3333334,.6875,7.5333333,.71428573,1,5.266666889190674,5.2857141,5,3.8571429,1.466666698455811,,1,,1,8.928571701049805,1.4,1.266666650772095,,1.214285731315613,,,,,1.571428537368774,,.6875,7.133333206176758,1.0714285,1.0666667,8.3571424,1.0769231,1.2666667,,1.444444417953491,,2.700000047683716,,2.125,7.2666669,,,7.2727275,5.6363635,,,,,,,,,4.5,,3.3846154,,6.454545497894287,,5.833333492279053,5,,,5.75,.61538464,2.6666667,3.7857144,6.5,5.3333335,,,,,,2025.1
2024,8,1,1,838,SI,32230,1.8,6,2022,3.400000095367432,5,,1.230769276618958,1.384615421295166,8.333333,1.3333334,.71428573,1.692307710647583,7.5833335,1.5,.55555558,4.846153736114502,5.8333335,6.3333335,3.875,.25,,1.444444417953491,,.9230769276618958,8.75,,1.75,,,,.55555558,.5,.625,1.25,,.7692307829856873,7.230769157409668,1.0909091,1.4615384,7.25,,.85714287,,0,,4.800000190734863,,1,8.25,2.2,7.1999998,10,6.0833335,,,,,,,,,3,,,,,,,3.75,,10,,.33333334,5,4.25,6.75,,1.4,1.1666666,,,,2025.1
2010,8,1,1,839,PSI,,1.1,0,2008,,5,0,4.142857074737549,3.333333492279053,,,,1.5,,,,5.75,5.8333335,2.3333333,,3.799999952316284,5.199999809265137,5,6.75,2.75,6.5,,2.75,5.5,1.166666626930237,7.75,,,,.75,6,2.799999952316284,3.599999904632568,,3,5.6666665,,,,2.599999904632568,3.599999904632568,3.799999952316284,2,4.1999998,6,,,,4.8000002,3.4000001,5,5.8000002,,,2.625,7,,6.5,,,,6.666666507720947,,,7,5.5,,,,,,,,,,,,,2025.1
2010,8,1,1,840,MpA,,1.1,1.3,2008,,8,0,6.285714149475098,4.5,,,,6.833333492279053,,,,4.666666507720947,2.6666665,1,,4.428571224212646,4,4.400000095367432,3.400000095367432,3.25,6.5,,4,2.75,5.25,5.666666507720947,,,,8,7.5,5.666666507720947,5.5,,8.666667,4.3333335,,,,7.5,5.333333492279053,6.5,4.166666507720947,7.8000002,2.4000001,,,,2.1666667,7.5999999,3.3333333,3,,,3,5.666666507720947,,5,,,,6.75,,,4,,,,,,,,,,,,,,2025.1
2010,8,1,1,842,SD,,.78,0,2008,,6,0,2.142857074737549,1.857142806053162,,,,1.142857193946838,,,,5.75,5,1.75,,1.166666626930237,8.5,1.166666626930237,8.600000381469727,1,9,,3.25,6.666666507720947,.6666666865348816,9,,,,.6000000238418579,5.666666507720947,1.333333373069763,7.666666507720947,,1.1666666,7.5,,,,1.166666626930237,7.428571224212646,3.599999904632568,3,1.6666666,7.3333335,,,,4.1999998,4.5999999,6.5,7.1666665,,,1,6.25,,5,,,,6.5,,,5.333333492279053,4.666666507720947,,,,,,,,,,,,,2025.1
2014,8,1,1,843,CD,32450,.5,1,2013,0,11,0,5,5,7.6666665,,,6.285714149475098,5.5,,,5.800000190734863,5.5,1.2857143,,5.666666507720947,,5.333333492279053,,5,,5.6666665,6,,6.333333492279053,,,,,7.333333492279053,,3.5,,,4,,,4.6666665,,4.666666507720947,,5,,5.6666665,,,,,6,,4.3333335,,,,1.1428572,5.333333492279053,,6.25,,5.6666665,,6.400000095367432,,,6,3.5,,,,,3.3333333,6.5,,,,8,3,,2025.1
2014,8,1,1,844,FdI,32630,2,1.5,2013,3.7,1,0,7.857142925262451,5.571428775787354,7.5,,,9.285714149475098,7.1666665,,,2.166666746139526,6.8333335,1,,4.75,,3.400000095367432,,5.400000095367432,,5.4000001,9.199999809265137,,9.75,,,,,7,,8.75,,,6,,,9.3999996,,8.75,,10,,7.1999998,,,,,8,,4.5999999,,,,2.7142856,3.799999952316284,,2,,1.4285715,,4.5,,,2.400000095367432,1.714285731315613,,,,,6.25,5.8000002,,,,9,54,3,2025.1
2019,8,1,1,844,FdI,32630,4.35,5,2018,6.44,1,0,9.052631378173828,6.388888835906982,6.5333333,2.5714285,4.375,9.421052932739258,7.7777777,.875,.5,1.947368383407593,7.5,.625,1.5,7.133333206176758,,4.333333492279053,,5.529411792755127,5.375,5,9.611110687255859,,8.470588684082031,,,,,7.941176414489746,,9.842104911804199,9.888889312744141,.3125,9.8823528,8.5294113,.33333334,9.7647057,,8.583333015441895,,5.583333492279053,,7.5999999,2.0625,,,8.8571424,7.6666665,,,,,,,,,2.461538553237915,,1.4666667,,4.25,,1.733333349227905,2.5,,,3.5384614,8.8125,6.625,8,5.5,8.3571424,,,,,,2025.1
2024,8,1,1,844,FDI,,25.98,119,2022,28.79999923706055,1,,8.466666221618652,6.400000095367432,6.7333331,4.1999998,3.7142856,9.133333206176758,8,1.3333334,1.8181819,3.266666650772095,6.4000001,4.5,5.6666665,6,,5.400000095367432,,7.071428775787354,5.846153736114502,,8.833333015441895,,,,6.75,9,8.8000002,7.666666507720947,,9.466666221618652,9.133333206176758,.41666666,9.333333,8.9230766,,9.5,,9.5,,7,,7,4.375,6,2.8571429,10,5.3846154,,,,,,,,,4.166666507720947,,,,,,,3.200000047683716,,3,,8.5,5.625,7.1666665,3.5,,8.8000002,7.7142859,,,,2025.1
2014,8,1,1,845,M5S,32956,25.6,17.5,2013,21.2,9,0,4.666666507720947,3.428571462631226,7.3333335,,,2.571428537368774,6.6666665,,,1.428571462631226,8.8571424,2.4285715,,4,,3.599999904632568,,3.400000095367432,,4.1999998,4.199999809265137,,2.200000047683716,,,,,1.799999952316284,,4.25,,,6,,,3.8,,5.666666507720947,,4,,1.8,,,,,3.6666667,,8.5,,,,3,3.25,,1.833333373069763,,1.2857143,,3.25,,,1.600000023841858,1,,,,,10,9.8000002,,,,1,3,8,2025.1
2019,8,1,1,845,M5S,32956,33.33,36.700001,2018,17.06,9,1,4.777777671813965,3.21052622795105,6.8823528,6.8571429,6.1111112,3.736842155456543,5.1764708,5.875,4.875,3.473684310913086,6.1052632,5.5,6.25,3.29411768913269,,3.117647171020508,,1.894736886024475,8.176470756530762,3.1764705,4.55555534362793,,2.941176414489746,,,,,2.823529481887817,,6.55555534362793,5.5,5.4117646,5.5714288,4.9375,5.4285712,4.25,,3.75,,4,,2.4444444,7.4705882,,,6.4285712,5.3333335,,,,,,,,,3.428571462631226,,2.2142856,,5,,3.571428537368774,3.333333253860474,,,4.5833335,2.5333333,9.5294113,8.8888893,9.333333,4.2666669,,,,,,2025.1
2024,8,1,1,845,MS5,,15.43,52,2022,10,9,,3.333333253860474,2.866666555404663,7.4000001,2.8,3.25,3.266666650772095,4.5714288,2.3333333,4.6363635,4.071428775787354,5.1333332,4.5,5.5555553,2,,3.400000095367432,,1.642857193946838,8.692307472229004,,4.333333492279053,,,,3,3,3.1111112,2.625,,4.866666793823242,3.928571462631226,4.4166665,4.8461537,4.25,,4.375,,3.5,,5.75,,1.5,7.5,2.4285715,5.8571429,6,6.4545455,,,,,,,,,3.599999904632568,,,,,,,2.799999952316284,,10,,1.6666666,7.125,7.5,9.5,,4.75,1.4285715,,,,2025.1
2014,8,1,1,846,SC,32460,8.300000000000001,6,2013,.7,3,1,5.428571224212646,7.571428775787354,9,,,5.428571224212646,4,,,6.857142925262451,7.8571429,.5714286,,8,,8.399999618530273,,6.75,,8.25,6,,5,,,,,6.25,,5,,,5,,,3.75,,5,,3.5,,6,,,,,6.3333335,,3.5,,,,1,6.333333492279053,,7,,6.2857141,,6.800000190734863,,,6.5,4.333333492279053,,,,,1,7,,,,5,8,13,2025.1
2014,8,1,1,847,VdA,32906,.01,1,2013,,8,0,4.833333492279053,4.5,6.5999999,,,6,5,,,5.333333492279053,4,1.5,,3.5,,5,,2,,4,3.5,,6,,,,,5.5,,,,,6,,,5,,.6666666865348816,,7.5,,4,,,,,1,,5,,,,1,6,,6,,4.6666665,,6.666666507720947,,,6,4,,,,,4,5,,,,53,,,2025.1
2014,8,1,1,848,NCD,,,,2013,2.9,2,1,6.142857074737549,6,7.7142859,,,8,6.8571429,,,5.714285850524902,7.7142859,2,,6.800000190734863,,6.599999904632568,,7,,7.4000001,8,,8,,,,,7.199999809265137,,7.5,,,4.8000002,,,6.5999999,,7.5,,4.666666507720947,,6.5999999,,,,,6.5,,2.4000001,,,,1.1428572,5.25,,5.833333492279053,,4.2857141,,6.400000095367432,,,4.833333492279053,2.400000095367432,,,,,2.2,5,,,,13,56,55,2025.1
2024,8,1,1,849,A,,7.78,21,2022,3.359999895095825,3,,4.428571224212646,5.214285850524902,7.0714288,1.8,1.7142857,3.461538553237915,4.7142859,1.3333334,2.2,6.785714149475098,8.3846149,.66666669,2,4.333333492279053,,5.900000095367432,,4.769230842590332,5.166666507720947,,2.833333253860474,,,,2.25,2.2,2.4444444,2.857142925262451,,3.769230842590332,4.636363506317139,1.2222222,4.1666665,4.2727275,,2.5,,2.333333253860474,,4,,4.1428571,4.4285712,4.1428571,5,1,4.5,,,,,,,,,6,,,,,,,6.400000095367432,,0,,.75,2.4285715,1.6,5.5,,4,2.5714285,,,,2025.1
2024,8,1,1,850,EV,,1.8,6,2022,3.400000095367432,7,,2.142857074737549,2.214285612106323,5.5384617,2,1.5714285,1.714285731315613,6.1538463,1.5,1.0909091,5.714285850524902,6.5384617,5.6666665,3.25,.3333333432674408,,2.111111164093018,,2.166666746139526,7.583333492279053,,1.5,,,,1.125,.80000001,.71428573,1.375,,1.307692289352417,5.846153736114502,1.4545455,1.4615384,6.4545455,,.875,,1,,7,,.14285715,9.7142859,2.5714285,9.5714283,7,6.5,,,,,,,,,3.799999952316284,,,,,,,3.400000095367432,,,,.33333334,5,2.25,6.5,,1.75,1.1666666,,,,2025.1
1999,10,1,1,1001,CDA,22521,18.3999996185303,19.299999,1998,26.94000053405762,4,0,5.199999809265137,5.300000190734863,,,,6.727272510528564,,,,6.454545497894287,4.7727275,1.8181819,,,,,,,,,,,,,,,,,,,,,,,,,,,,,,,,,,,,,,,,,,5.818181991577148,5.099999904632568,,5.222222328186035,,,4.714285850524902,5.44444465637207,6.300000190734863,5.900000095367432,,,,,,,,,,,,,,2025.1
2002,10,1,1,1001,CDA,22521,27.9,28.700001,2002,26.94000053405762,4,1,6.13,6.22,,,,6.89,,,,5.78,5.1999998,1.8111112,,,,,,,,,,,,,,,,,,,,,,,,,,,,,,,,,,,,,,,,,,5,,5.25,4.83,,5.88,5,4.86,5.63,5.29,,,,,,,,,,,,,,2025.1
2006,10,1,1,1001,CDA,22521,26.5,27.299999,2006,24.39999961853027,4,1,6.09,5.56,,,,6.7,,,,5.33,4.2333331,3.25,,4.860000133514404,4.670000076293945,5.800000190734863,4.599999904632568,5.289999961853027,4.599999904632568,,6.670000076293945,4.199999809265137,5.670000076293945,5.329999923706055,,,,7.130000114440918,7.199999809265137,6.329999923706055,5.829999923706055,,7,,,5.8000002,5.1999998,5.400000095367432,5.199999809265137,6.75,6,,,,,,4,2.3299999,,,7,5,,5,,5.78,,,,4.8,,,4.86,3.38,,,,,,,,,,,,,2025.1
2010,10,1,1,1001,CDA,22521,13.6,14,2010,20.04999923706055,4,1,6.285714149475098,6.5,,,,7.142857551574707,,,,5.285714149475098,5.4761901,2.9166667,,6,6.230769157409668,6.25,6.099999904632568,6.090909004211426,5.272727489471436,,7.090909004211426,6.090909004211426,5.909090995788574,5.272727489471436,,,,7.727272510528564,7.454545497894287,7,6.272727489471436,,7,6.090909,,,,6,5.5,7.599999904632568,5.599999904632568,7,3.909091,,,,5.75,3,2.4000001,6.1999998,,,1,5,,5.818181991577148,,,,5.25,,,5.099999904632568,3.666666746139526,,,,,,,,,,,,,2025.1
2014,10,1,1,1001,CDA,22521,8.5,8.6999998,2012,15.2,4,0,6.777777671813965,6.55555534362793,6.6666665,,,6.44444465637207,5.1111112,,,5.545454502105713,4.7272725,3.7777777,,6.666666507720947,,6.777777671813965,,6.333333492279053,,5.8888888,6.888888835906982,,5.44444465637207,,,,,6.888888835906982,,6.5,,,6.8888888,,,6.25,,5.714285850524902,,7.571428775787354,,6.25,,,,,3.3333333,,3.5,,,,1,4.857142925262451,,6.25,,4.5714288,,6,,,5.375,3.714285612106323,,,,,1.4285715,1.3333334,,,,13,14,8,2025.1
2019,10,1,1,1001,CDA,22521,12.4,12.7,2017,12.18,4,1,6.846153736114502,6.692307472229004,5.8333335,3.6666667,3.25,7.153846263885498,6.3333335,2.6666667,3.2,5.333333492279053,4.4166665,2,4.75,6.25,,6.583333492279053,,6,6.090909004211426,5.6666665,7,,5.727272510528564,,,,,7.083333492279053,,7,5.636363506317139,5,6.8333335,5.7272725,4.3636365,6.8333335,,5.583333492279053,,8,,6.5384617,4.0833335,,,3.909091,2.8,,,,,,,,,6.099999904632568,,4.0999999,,5.285714149475098,,4,4.111111164093018,,,3,4,1.6363636,1,1.6666666,6.2727275,,,,,,2025.1
2024,10,1,1,1001,CDA,22521,3.31,5,2023,9.5,4,,5.75,5.75,6.3333335,3.6666667,2.2,6.5,5.8333335,5,3.1428571,5.416666507720947,4,3.8,1,5,,5.142857074737549,,5.400000095367432,5,,6.400000095367432,,,,5.4000001,5,4.25,7.714285850524902,,6,5.083333492279053,4.2857141,6.2727275,5.1111112,,5.3333335,,5,,6.875,,5.5999999,5.1999998,4,5.5999999,5,5.3333335,,,,,,,,,6.5,,,,,,,4.5,,2,,2.5,1.5,1.6666666,1,,3.5,1,,,,2025.1
1999,10,1,1,1002,PvdA,22320,29,30,1998,20.11000061035156,5,1,3.799999952316284,4.400000095367432,,,,3.636363744735718,,,,6.545454502105713,4.5454545,2.5,,,,,,,,,,,,,,,,,,,,,,,,,,,,,,,,,,,,,,,,,,6,5.090909004211426,,5.5,,,5.428571224212646,5.888888835906982,6.199999809265137,6.099999904632568,,,,,,,,,,,,,,2025.1
2002,10,1,1,1002,PvdA,22320,15.1,15.3,2002,20.11000061035156,5,0,4,3.78,,,,3.25,,,,6.11,5.1999998,2.7777777,,,,,,,,,,,,,,,,,,,,,,,,,,,,,,,,,,,,,,,,,,6,,5.13,6.38,,3.71,5.14,6,5.5,5.71,,,,,,,,,,,,,,2025.1
2006,10,1,1,1002,PvdA,22320,21.2,22,2006,23.60000038146973,5,0,3.73,3.56,,,,3.7,,,,5.58,5.4666672,4.25,,3,5.329999923706055,4,5.599999904632568,3.569999933242798,6.599999904632568,,4.670000076293945,4.400000095367432,2,5,,,,3.289999961853027,4.599999904632568,4.170000076293945,6.5,,4.5,,,4.5999999,4.8000002,4,4.599999904632568,3,4.75,,,,,,5,2.3299999,,,5.5999999,5.3299999,,5.5,,5,,,,5.2,,,5.43,4.88,,,,,,,,,,,,,2025.1
2010,10,1,1,1002,PvdA,22320,19.6,20,2010,11.60000038146973,5,0,3.857142925262451,3.571428775787354,,,,4,,,,5.285714149475098,5.9523811,4.6666665,,3.461538553237915,6.538461685180664,4.5,6.545454502105713,3.454545497894287,6.636363506317139,,4.636363506317139,5.545454502105713,3,5,,,,3.454545497894287,3.545454502105713,5.181818008422852,6,,5.090909,6.2727275,,,,4,5.800000190734863,3.333333253860474,3.444444417953491,4.5454545,4.6363635,,,,5.5,2.8571429,5.3000002,5.9000001,,,1,5.400000095367432,,5.181818008422852,,,,5.125,,,5.300000190734863,4.846153736114502,,,,,,,,,,,,,2025.1
2014,10,1,1,1002,PvdA,22320,24.8,25.299999,2012,9.4,5,1,3.666666746139526,3.222222328186035,7.4444447,,,3,4.3333335,,,5.454545497894287,4.909091,5,,4.111111164093018,,4.44444465637207,,3.777777671813965,,3.3333333,4.333333492279053,,1.888888835906982,,,,,2.666666746139526,,4.125,,,4.6666665,,,4.25,,3.714285612106323,,3.833333253860474,,4.75,,,,,4.6666665,,4.375,,,,1,5.857142925262451,,5.875,,4.75,,5.400000095367432,,,5.375,5.142857074737549,,,,,1.2857143,1.5,,,,14,13,8,2025.1
2019,10,1,1,1002,PvdA,22320,5.7,6,2017,19.01,5,0,3.615384578704834,3.615384578704834,7.3333335,3.3333333,3.375,3.076923131942749,4.25,3.3333333,3.2,5.916666507720947,5.1666665,1.6666666,3.875,2.916666746139526,,3.25,,2.833333253860474,8,3.0833333,4.363636493682861,,3.090909004211426,,,,,2.833333253860474,,4.166666507720947,4.636363506317139,4.5,4.4166665,5.2727275,3.7272727,3.9166667,,3.916666746139526,,4.090909004211426,,4.2307692,5.25,,,4.4545455,4.5,,,,,,,,,5.900000095367432,,4.5,,5,,5.125,5,,,2.5999999,2.909091,2.909091,1.75,1.25,4.909091,,,,,,2025.1
2024,10,1,1,1002,PvdA,22320,7.88,13,2023,10.55000019073486,5,,3,2.916666746139526,7.5,4,1.2,2.583333253860474,5.8333335,5,2,6.166666507720947,5.0833335,4,.66666669,2,,2.285714387893677,,3,6.777777671813965,,3,,,,1.8,1.4,.2,1.833333373069763,,3.416666746139526,5.5,4.2857141,3.1818182,5.2222223,,3.6666667,,2,,2.714285612106323,,3,6.8000002,1.5,8.8000002,5,5.6666665,,,,,,,,,5.666666507720947,,,,,,,5.5,,3,,1.25,1.5,1.5555556,1,,2.1666667,.5,,,,2025.1
1999,10,1,1,1003,VVD,22420,24.7,25.299999,1998,19.69000053405762,3,1,6.900000095367432,7.400000095367432,,,,4.909090995788574,,,,5.454545497894287,5,4.0909095,,,,,,,,,,,,,,,,,,,,,,,,,,,,,,,,,,,,,,,,,,5,3.5,,3.299999952316284,,,3.428571462631226,3.777777671813965,6,4.300000190734863,,,,,,,,,,,,,,2025.1
2002,10,1,1,1003,VVD,22420,15.4,16,2002,19.69000053405762,3,1,7.38,8,,,,5.56,,,,4.44,5.9333334,4.4444447,,,,,,,,,,,,,,,,,,,,,,,,,,,,,,,,,,,,,,,,,,4.71,,6.25,3.29,,3,3.4,3.33,5.13,4.43,,,,,,,,,,,,,,2025.1
2006,10,1,1,1003,VVD,22420,14.6,14.7,2006,13.19999980926514,3,1,7.45,7.89,,,,5.1,,,,4.5,5.1666665,5,,7.860000133514404,6.170000076293945,8.600000381469727,7.800000190734863,8,7.599999904632568,,6.5,6.400000095367432,2.329999923706055,4.5,,,,2.859999895095825,5.400000095367432,8,7.670000076293945,,8.1700001,,,6,6,6.599999904632568,6.400000095367432,4.5,4.75,,,,,,5.5,2.3299999,,,7.4000001,5.6700001,,4.25,,6.33,,,,2.6,,,4.29,2.38,,,,,,,,,,,,,2025.1
2010,10,1,1,1003,VVD,22420,20.5,20.700001,2010,11.39000034332275,3,1,7.857142448425293,8.285714149475098,,,,4.785714149475098,,,,3.928571462631226,5.2380953,3.5384614,,8.461538314819336,7.461538314819336,8.75,7.545454502105713,8.545454978942871,6.818181991577148,,7.909090995788574,7.909090995788574,3.454545497894287,5.272727489471436,,,,2.727272748947144,3.272727251052856,8.454545021057129,7.454545497894287,,7.909091,7.3636365,,,,7.099999904632568,6.900000095367432,4,3.444444417953491,8.545455,3.7272727,,,,6,2.8571429,2.0999999,6.0999999,,,1.2142857,4.300000190734863,,6.538461685180664,,,,3.875,,,4.599999904632568,2.769230842590332,,,,,,,,,,,,,2025.1
2014,10,1,1,1003,VVD,22420,26.6,27.299999,2012,12,3,1,7.888888835906982,8.333333015441895,7.7777777,,,5.125,4.1111112,,,5.181818008422852,4.5454545,4.3333335,,7.777777671813965,,8.55555534362793,,7.44444465637207,,8,7.777777671813965,,2.222222328186035,,,,,2.111111164093018,,7.5,,,7.2222223,,,5.875,,5.857142925262451,,4,,7.25,,,,,4.6666665,,3.125,,,,1,4.571428775787354,,6.625,,4.375,,4.5,,,4.75,3.428571462631226,,,,,1.7142857,1.3333334,,,,13,5,10,2025.1
2019,10,1,1,1003,VVD,22420,21.3,22,2017,14.64,3,1,7.615384578704834,8.15384578704834,7.9166665,3.3333333,2.5,5,5.0833335,3.5,4,5.083333492279053,4.5,3,6,8.416666984558105,,8.666666984558105,,8.25,7.636363506317139,8.083333,7.818181991577148,,4,,,,,2.416666746139526,,7.92307710647583,6.454545497894287,3,7.75,6.6363635,2.8181818,6,,6.75,,4.636363506317139,,7.6923075,3.8333333,,,1.7272727,4.75,,,,,,,,,6.599999904632568,,3.7,,3.857142925262451,,4.25,4,,,3,4.7272725,2.4545455,1.8333334,1.2,5.909091,,,,,,2025.1
2024,10,1,1,1003,VVD,22420,15.24,24,2023,11.30000019073486,3,,7.666666507720947,7.666666507720947,6.9166665,2.3333333,3.1666667,5.916666507720947,5.5,3.5,4,5.166666507720947,3.6666667,5.4000001,4,8,,8,,7.199999809265137,6.111111164093018,,8,,,,4.1999998,4.5999999,.60000002,2.166666746139526,,8.583333015441895,8.166666984558105,5.4285712,8.090909,7.2222223,,5.6666665,,6.5,,4.142857074737549,,6.1999998,4,4.5,4.8000002,2.6666667,4.3333335,,,,,,,,,7,,,,,,,4.75,,2.5,,6.25,1.5,2.2222223,1,,5.8333335,1,,,,2025.1
1999,10,1,1,1004,D66,22330,9,9.3000002,1998,5.800000190734863,3,1,4.400000095367432,4.900000095367432,,,,2.272727251052856,,,,6.636363506317139,4.318182,1.590909,,,,,,,,,,,,,,,,,,,,,,,,,,,,,,,,,,,,,,,,,,6.363636493682861,5.777777671813965,,5.55555534362793,,,5.428571224212646,6.222222328186035,6.400000095367432,6.099999904632568,,,,,,,,,,,,,,2025.1
2002,10,1,1,1004,D66,22330,5.1,4.6999998,2002,5.800000190734863,3,1,4.63,5.11,,,,1.44,,,,6.44,6.6666665,1.1111112,,,,,,,,,,,,,,,,,,,,,,,,,,,,,,,,,,,,,,,,,,6.25,,5.75,5.14,,3.71,4.67,6,6.13,6.14,,,,,,,,,,,,,,2025.1
2006,10,1,1,1004,D66,22330,2,2,2006,4.199999809265137,3,.5,4.45,5.22,,,,2.5,,,,6.5,7.5666666,1.25,,5.429999828338623,4.670000076293945,5.599999904632568,5.400000095367432,5.139999866485596,5.599999904632568,,3.5,5.800000190734863,1,6.829999923706055,,,,1.139999985694885,7.400000095367432,4,6.170000076293945,,3,,,2,7.5999999,3.799999952316284,5.599999904632568,3.5,4.75,,,,,,3,3.3299999,,,5.1999998,4,,5.75,,6.25,,,,5.2,,,5.86,5.75,,,,,,,,,,,,,2025.1
2010,10,1,1,1004,D66,22330,7,6.6999998,2010,11.31999969482422,3,0,5,5.5,,,,1.571428537368774,,,,6.642857074737549,8.333333,1.5,,5.384615421295166,6.384615421295166,6.916666507720947,7.363636493682861,5.909090995788574,5.909090995788574,,2.272727251052856,6.272727489471436,.9090909361839294,6.909090995788574,,,,1.545454502105713,4.272727489471436,3.363636255264282,6,,2.7272727,6.181818,,,,3.099999904632568,6.099999904632568,2.666666746139526,4.111111164093018,3.8181818,5.818182,,,,3.4000001,4.5714288,4,4.9000001,,,1,6.636363506317139,,6.5,,,,5.375,,,6.363636493682861,5.5,,,,,,,,,,,,,2025.1
2014,10,1,1,1004,D66,22330,8,8,2012,15.5,3,0,5.55555534362793,6.55555534362793,6.4444447,,,1,6.2222223,,,6.818181991577148,7.5454545,1.6666666,,5.888888835906982,,7,,5.44444465637207,,6.3333335,2.111111164093018,,.4444444477558136,,,,,1.333333373069763,,2.125,,,2.2222223,,,1.375,,2.714285612106323,,2.666666746139526,,4,,,,,5,,3.625,,,,1,7,,7,,5.5,,5.599999904632568,,,6.5,5.714285850524902,,,,,1.4285715,1.6666666,,,,13,2,8,2025.1
2019,10,1,1,1004,D66,22330,12.2,12.7,2017,7.09,3,1,5.153846263885498,6.230769157409668,5.9166665,3.3333333,3.375,1.384615421295166,7,1,1.2,6.92307710647583,7.25,.66666669,1.3333334,5.5,,6.833333492279053,,5.75,5.545454502105713,6.25,3.272727251052856,,1.909090876579285,,,,,1.333333373069763,,3,6.090909004211426,2.3333333,2.5,6.090909,1.7272727,1.5,,2.583333253860474,,2.416666746139526,,4.1538463,7.25,,,1.6363636,4.75,,,,,,,,,7,,5.9000001,,4.833333492279053,,6.125,6.222222328186035,,,3.2,3.2727273,4.818182,1.25,1.4444444,4.6363635,,,,,,2025.1
2024,10,1,1,1004,D66,22330,6.29,9,2023,8.399999618530273,3,,4.666666507720947,5.5,5.9166665,3.6666667,1.8,1.333333373069763,7.5,1,.875,6.916666507720947,6.75,1.2,.25,6,,5.142857074737549,,5.400000095367432,4.111111164093018,,1.799999952316284,,,,1.6,.60000002,.2,1.166666626930237,,2.5,6.083333492279053,1.8333334,3,5.3333335,,4,,2.5,,1.857142806053162,,3.4000001,7.4000001,1,9.1999998,2.6666667,3.6666667,,,,,,,,,7,,,,,,,6,,3,,1,3,.8888889,1,,.83333331,.5,,,,2025.1
1999,10,1,1,1005,GL,22110,7.3,7.3000002,1998,11.85000038146973,7,0,2.599999904632568,2.400000095367432,,,,1.909090876579285,,,,4.454545497894287,4.5454545,2.9545455,,,,,,,,,,,,,,,,,,,,,,,,,,,,,,,,,,,,,,,,,,6.454545497894287,5.44444465637207,,5.55555534362793,,,6,6.222222328186035,6.099999904632568,4.099999904632568,,,,,,,,,,,,,,2025.1
2002,10,1,1,1005,GL,22110,7,6.6999998,2002,11.85000038146973,7,0,2.5,1.89,,,,1.44,,,,5.38,4.6000004,2.3666668,,,,,,,,,,,,,,,,,,,,,,,,,,,,,,,,,,,,,,,,,,6,,3.75,6,,3.33,4.6,6.5,5.29,4.86,,,,,,,,,,,,,,2025.1
2006,10,1,1,1005,GL,22110,4.6,4.6999998,2006,7.400000095367432,7,0,2.18,2,,,,2.4,,,,5.45,4.2333331,1.75,,1.860000014305115,5.670000076293945,2,6.75,3.140000104904175,6.599999904632568,,3.5,4.599999904632568,1.5,5.329999923706055,,,,2,5.400000095367432,2.170000076293945,7,,2.5,,,3.2,6.1999998,3.200000047683716,6,3.5,4.75,,,,,,4,2.3299999,,,3.2,5.6700001,,5.5,,4.33,,,,4.8,,,5.5,5.25,,,,,,,,,,,,,2025.1
2010,10,1,1,1005,GL,22110,6.7,6.6999998,2010,8.869999885559082,7,0,2.571428537368774,3,,,,1.928571462631226,,,,6.214285850524902,6.4285717,2.1666667,,2.384615421295166,6.692307472229004,3.75,6.181818008422852,2.818181753158569,6.090909004211426,,2.454545497894287,6.363636493682861,1.363636374473572,6.727272510528564,,,,2,3.818181753158569,2.636363744735718,6.090909004211426,,2.3636363,6.2727275,,,,2.099999904632568,6.599999904632568,2.666666746139526,3.333333253860474,1.5454545,8.818182,,,,4.5,3.1428571,5.5999999,5.0999999,,,1,6.363636493682861,,5.333333492279053,,,,5.25,,,5.5,5.615384578704834,,,,,,,,,,,,,2025.1
2014,10,1,1,1005,GL,22110,2.3,2.7,2012,7,7,0,2.333333253860474,2.666666746139526,5.7777777,,,1,6.2222223,,,6.545454502105713,6.3636365,2.4444444,,2.75,,3.222222328186035,,3.666666746139526,,2.7777777,1.777777791023254,,.875,,,,,1.666666626930237,,1.125,,,1.6666666,,,1.375,,1.857142806053162,,3.5,,1.25,,,,,4,,5.125,,,,1.0909091,7,,5.375,,5.2857141,,5.800000190734863,,,6.5,5.571428775787354,,,,,1.7142857,1.8333334,,,,6,14,13,2025.1
2019,10,1,1,1005,GL,22110,9.1,9.3000002,2017,10.9,7,0,2.307692289352417,2.384615421295166,6,2.6666667,2.125,.8461538553237915,6.9166665,1.3333334,1.4,6.461538314819336,6.3333335,1.3333334,1.8888888,1.916666626930237,,2.416666746139526,,2.181818246841431,6.636363506317139,2.9166667,2.333333253860474,,1.636363625526428,,,,,1.583333373069763,,1.615384578704834,6.272727489471436,1.75,1.5,6.4545455,1.1818181,1.75,,1.833333373069763,,2.363636255264282,,1.5384616,9.3076925,,,4.6363635,5.75,,,,,,,,,5.5,,5.6666665,,5.333333492279053,,6.099999904632568,6,,,3,3,5,3,1.5555556,3.9166667,,,,,,2025.1
2024,10,1,1,1005,GL,22110,7.88,12,2023,10.55000019073486,7,,2.5,2.5,7,3.6666667,1.2,.9166666865348816,7.181818,3,.75,6.333333492279053,5.2727275,2.4000001,.5,1,,2.571428537368774,,2.900000095367432,6.111111164093018,,2,,,,1.2,.60000002,.2,1.333333373069763,,2.083333253860474,5.916666507720947,1.6666666,2.1818182,6.1111112,,4.3333335,,1.5,,1.857142806053162,,2.4000001,8.8000002,.16666667,10,6.6666665,4.3333335,,,,,,,,,5.666666507720947,,,,,,,5.5,,3,,1,2,1.7777778,1,,1.1666666,.5,,,,2025.1
1999,10,1,1,1006,SGP,22952,1.79999995231628,2,1998,2.900000095367432,10,0,7.699999809265137,7.300000190734863,,,,9.363636016845703,,,,2.818181753158569,3.4090905,.25000006,,,,,,,,,,,,,,,,,,,,,,,,,,,,,,,,,,,,,,,,,,3.5,3,,3.142857074737549,,,3.142857074737549,3.777777671813965,4.222222328186035,2.666666746139526,,,,,,,,,,,,,,2025.1
2002,10,1,1,1006,SGP,22952,1.7,1.3,2002,2.900000095367432,10,0,8,6.5,,,,9.380000000000001,,,,4,3.3333333,1.1111112,,,,,,,,,,,,,,,,,,,,,,,,,,,,,,,,,,,,,,,,,,3.4,,4,5,,4.2,4.5,5,5,4.33,,,,,,,,,,,,,,2025.1
2010,10,1,1,1006,SGP,22952,1.7,1.3,2010,3.410000085830688,10,0,7.785714149475098,6.5,,,,9.285714149475098,,,,3,,,,6.599999904632568,4.083333492279053,5.55555534362793,3.200000047683716,6.625,3.777777671813965,,8.5,4.777777671813965,9.600000381469727,8.100000381469727,,,,10,10,8.125,5.222222328186035,,8.5,5.375,,,,7.714285850524902,5.25,7.888888835906982,5.777777671813965,6.5,3.5,,,,4.75,3.8571429,4.1666665,4,,,2.7857144,3.333333253860474,,4.142857074737549,,,,4.333333492279053,,,3.125,1.909090876579285,,,,,,,,,,,,,2025.1
2014,10,1,1,1006,SGP,22952,2.1,2,2012,3.9,10,0,8.111110687255859,6.888888835906982,5.1111112,,,9.44444465637207,7.7777777,,,2.555555582046509,5.2727275,1.1666666,,6.333333492279053,,6,,6.199999809265137,,5.8571429,7.625,,9.111110687255859,,,,,9.888889312744141,,8.428571701049805,,,8.875,,,8.7142859,,7.714285850524902,,7.571428775787354,,6,,,,,2.6666667,,4.4285712,,,,2.2222223,2.571428537368774,,3.5,,2,,2.5,,,2.375,1.428571462631226,,,,,1.1666666,1,,,,15,13,16,2025.1
2019,10,1,1,1006,SGP,22952,2.1,2,2017,3.42,10,0,8.538461685180664,7.166666507720947,3.0833333,2.5,1.7142857,9.923076629638672,9.083333,.16666667,.40000001,2.916666746139526,3.2727273,2,2.7142856,7.090909004211426,,6.583333492279053,,7.166666507720947,3.599999904632568,7,7.909090995788574,,9,,,,,9.75,,7.916666507720947,5.099999904632568,1.5,9.25,5.2222223,1,8.666667,,7.909090995788574,,8,,6.909091,3,,,6.125,3,,,,,,,,,4.111111164093018,,2.5,,3.714285612106323,,2.599999904632568,2.555555582046509,,,2.5,5.5,1.1818181,1.0833334,1.7777778,7.5999999,,,,,,2025.1
2024,10,1,1,1006,SGP,22952,2.08,3,2023,3.700000047683716,10,,8,7.199999809265137,4.0833335,2.3333333,1,9.416666984558105,9.5,.5,.375,2.75,3.4545455,2.25,2.5,,,6.666666507720947,,4.857142925262451,3.625,,8.25,,,,9.8000002,9.833333,9.8000002,9.857142448425293,,8.666666984558105,5.75,1.5,8.6000004,6.875,,5.6666665,,8,,8.571428298950195,,6,2,6.1999998,3,6,3.5,,,,,,,,,3.666666746139526,,,,,,,1.5,,4,,4,1.5,1.7777778,1,,5.25,1,,,,2025.1
1999,10,1,1,1007,GPV,,1.2,1.3,1998,2.900000095367432,10,0,6.699999809265137,5.800000190734863,,,,8.636363983154297,,,,3.181818246841431,2.9545455,.25000006,,,,,,,,,,,,,,,,,,,,,,,,,,,,,,,,,,,,,,,,,,4,3.5,,3.428571462631226,,,3.571428537368774,4,4.222222328186035,3,,,,,,,,,,,,,,2025.1
1999,10,1,1,1008,RPF,,2,2,1998,2.900000095367432,10,0,6.800000190734863,6,,,,8.545454978942871,,,,3.363636255264282,2.9545455,.25000006,,,,,,,,,,,,,,,,,,,,,,,,,,,,,,,,,,,,,,,,,,4,3.375,,3.428571462631226,,,3.428571462631226,3.888888835906982,4.111111164093018,3,,,,,,,,,,,,,,2025.1
1999,10,1,1,1009,CD,,,,1998,.5,1,0,9.375,8.571428298950195,,,,9.25,,,,1.444444417953491,4.166667,0,,,,,,,,,,,,,,,,,,,,,,,,,,,,,,,,,,,,,,,,,,3,1.666666626930237,,2,,,1.285714268684387,1.857142806053162,1.285714268684387,1.571428537368774,,,,,,,,,,,,,,2025.1
1999,10,1,1,1014,SP,22220,3.8,3.3,1998,5.039999961853027,6,0,1.100000023841858,.8999999761581421,,,,5,,,,2.599999904632568,4.5,.50000012,,,,,,,,,,,,,,,,,,,,,,,,,,,,,,,,,,,,,,,,,,4.800000190734863,3.75,,4.142857074737549,,,3.857142925262451,4.44444465637207,5.125,2.599999904632568,,,,,,,,,,,,,,2025.1
2002,10,1,1,1014,SP,22220,5.9,6,2002,5.039999961853027,6,0,1.63,.78,,,,3.33,,,,3,4.1666665,1.7444444,,,,,,,,,,,,,,,,,,,,,,,,,,,,,,,,,,,,,,,,,,3.67,,2.63,4.17,,3,4.2,5.33,4.83,3.33,,,,,,,,,,,,,,2025.1
2006,10,1,1,1014,SP,22220,16.6,16.700001,2006,7,6,0,1.64,1.11,,,,5.22,,,,2,7.8666663,1.25,,1,6.800000190734863,1,7.599999904632568,1.139999985694885,8.800000190734863,,5.329999923706055,5,3,4,,,,2.569999933242798,4.75,5.329999923706055,6,,6,,,7,5.1999998,5,4.599999904632568,3,5,,,,,,5.5,2,,,2.5999999,4.6700001,,3.63,,2.67,,,,2.6,,,2.57,2,,,,,,,,,,,,,2025.1
2010,10,1,1,1014,SP,22220,9.800000000000001,10,2010,7.099999904632568,6,0,1.642857074737549,1.5,,,,5.214285850524902,,,,2.428571462631226,5.7142854,1.5,,1.384615421295166,8.076923370361328,1.333333373069763,7.909090995788574,1.272727251052856,8.090909004211426,,4.699999809265137,5.454545497894287,3.909090995788574,4.300000190734863,,,,2.900000095367432,3.545454502105713,6,6.181818008422852,,6.1999998,6.2727275,,,,4.400000095367432,5.300000190734863,4,3.555555582046509,5.3636365,3.7272727,,,,4.75,2.7142856,7.1999998,5.3000002,,,2.8571429,3.555555582046509,,2.181818246841431,,,,3.142857074737549,,,2.444444417953491,2.545454502105713,,,,,,,,,,,,,2025.1
2014,10,1,1,1014,SP,22220,9.699999999999999,10,2012,9.6,6,0,1,1,8.666667,,,4.111111164093018,3.7777777,,,2.099999904632568,6.7272725,2,,1.333333373069763,,1.222222208976746,,1.666666626930237,,.8888889,4,,3.111111164093018,,,,,2.444444417953491,,4.375,,,4.7777777,,,6.25,,4.5,,4.333333492279053,,4.8571429,,,,,5.3333335,,7.5,,,,2.8,3.285714387893677,,2,,1.5,,3,,,2.125,2.714285612106323,,,,,6.5714288,3.3333333,,,,14,13,8,2025.1
2019,10,1,1,1014,SP,22220,9.1,9.3000002,2017,3.37,6,0,1.384615421295166,1.384615421295166,8.7692308,2,.8888889,4.307692527770996,4.0833335,2.6666667,3,2.833333253860474,5.5833335,4.3333335,3.25,.6666666865348816,,.8333333134651184,,.75,9.25,.83333331,4.545454502105713,,3.181818246841431,,,,,2.636363744735718,,5.25,4.818181991577148,4.5833335,5.5833335,5,4.090909,6.25,,4.583333492279053,,4.777777671813965,,4.5833335,4.25,,,7.818182,7,,,,,,,,,2.700000047683716,,1.9,,2.833333253860474,,2.888888835906982,2.222222328186035,,,3.5999999,2.9000001,6.181818,6.4545455,2.4444444,7,,,,,,2025.1
2024,10,1,1,1014,SP,22220,3.15,5,2023,2.200000047683716,6,,1.166666626930237,1.333333373069763,8.333333,2,.5,4.666666507720947,3.5,3,3.4285715,3,4.1666665,3.2,2.5,0,,.5714285969734192,,1.666666626930237,8.55555534362793,,3.799999952316284,,,,4.25,4,.60000002,1.166666626930237,,5.583333492279053,4.666666507720947,4.5999999,5.7272725,4.375,,4.3333335,,4.5,,5,,4.4000001,2.2,3.8,4.75,8.666667,6,,,,,,,,,2.5,,,,,,,2.75,,4.5,,1.25,3.5,6.4444447,2,,3.4000001,.5,,,,2025.1
2002,10,1,1,1015,LPF,22720,17,17.299999,2002,,1,0,8.375,8.109999999999999,,,,5.44,,,,2.78,5.5666671,4.7666664,,,,,,,,,,,,,,,,,,,,,,,,,,,,,,,,,,,,,,,,,,2.5,,3.67,2.67,,2.67,3.33,2,3.25,3,,,,,,,,,,,,,,2025.1
2002,10,1,1,1016,CU,22526,2.5,2.7,2002,,10,0,6.63,5.33,,,,8.779999999999999,,,,4.22,3.6999996,1.1111112,,,,,,,,,,,,,,,,,,,,,,,,,,,,,,,,,,,,,,,,,,3.71,,3.83,4.33,,4.83,4.25,5.25,5,5,,,,,,,,,,,,,,2025.1
2006,10,1,1,1016,CU,22526,4,4,2006,5.900000095367432,10,0,6,4.13,,,,8.4,,,,3.45,3.6666663,1,,4.170000076293945,5.800000190734863,3.5,5,4.170000076293945,5.599999904632568,,6.800000190734863,5.25,8.329999923706055,6.5,,,,9,8.800000190734863,5.670000076293945,5.329999923706055,,6.6700001,,,6.5999999,6,4.800000190734863,5.199999809265137,6.25,6,,,,,,5,1.67,,,6.1999998,3.6700001,,4.25,,3.75,,,,3.2,,,4.67,2.33,,,,,,,,,,,,,2025.1
2010,10,1,1,1016,CU,22526,3.2,3.3,2010,3.410000085830688,10,0,5.357142925262451,5,,,,7.428571701049805,,,,3.785714387893677,4.2857146,1.8181819,,4.75,5,4.818181991577148,4.636363506317139,4.400000095367432,5,,5.800000190734863,4.599999904632568,6.363636493682861,7,,,,9,9.272727012634277,4.900000095367432,5.090909004211426,,6.5999999,5.4545455,,,,5.222222328186035,6,6.44444465637207,5.75,4.6666665,5.1999998,,,,4.5,4,4.2857141,4.375,,,1.9285715,4.400000095367432,,4.599999904632568,,,,4.5,,,4,2.833333253860474,,,,,,,,,,,,,2025.1
2014,10,1,1,1016,CU,22526,3.1,3.3,2012,3.9,10,0,5.44444465637207,4.111111164093018,5.3333335,,,7.666666507720947,7.1111112,,,3.444444417953491,5,1.4285715,,4.666666507720947,,4.333333492279053,,4.142857074737549,,4,5.75,,7.222222328186035,,,,,8.44444465637207,,3.75,,,6.1111112,,,6.2857141,,4.714285850524902,,6.5,,3.8,,,,,3.3333333,,4.3333335,,,,1.8,2.857142925262451,,3.857142925262451,,2.5714285,,2.5,,,2.714285612106323,2,,,,,2.1428571,1.3333334,,,,13,15,14,2025.1
2019,10,1,1,1016,CU,22526,3.4,3.3,2017,3.42,10,0,5.07692289352417,4.307692527770996,4.090909,2.5,2.5714285,8.15384578704834,7.9166665,1,1.2,4,4.181818,3,2.2857144,4,,4.090909004211426,,4.181818008422852,5.333333492279053,3.8333333,5.181818008422852,,6.363636493682861,,,,,8.583333015441895,,4.461538314819336,5.363636493682861,3.4444444,5.9000001,5,2.6363637,5.909091,,4.583333492279053,,7.083333492279053,,4.5833335,6.090909,,,5.25,3.5,,,,,,,,,5,,3.5,,4,,3.666666746139526,3.111111164093018,,,2.75,2.9000001,1.8181819,1,1.8888888,5.5999999,,,,,,2025.1
2024,10,1,1,1016,CU,22526,2.04,3,2023,2.890000104904175,10,,4.583333492279053,4.333333492279053,5.6666665,3,1.6,6.916666507720947,7.25,2.5,1.5714285,4.583333492279053,4,4,1,4,,4,,4.111111164093018,4.666666507720947,,4.199999809265137,,,,4.5999999,6.1999998,5.4000001,9,,4.25,5.166666507720947,3.1666667,5.2727275,5.2222223,,3.6666667,,4,,6.333333492279053,,3.8,4,3,4.75,5.6666665,4.3333335,,,,,,,,,5,,,,,,,3.5,,3,,2.6666667,1.5,.8888889,1,,1.6,.5,,,,2025.1
2006,10,1,1,1017,PVV,22722,5.9,6,2006,,1,0,8.800000000000001,8.289999999999999,,,,6.57,,,,1.55,7.3333335,1.14,,8.670000076293945,4,8.199999809265137,5,8.399999618530273,4,,9.199999809265137,6.800000190734863,5.75,5.199999809265137,,,,2.799999952316284,6.25,9.399999618530273,9.600000381469727,,9.3999996,,,9,9,9,7.5,3.670000076293945,4.329999923706055,,,,,,6.75,1.67,,,6.75,4.3299999,,2.86,,2.29,,,,1.6,,,1.83,1,,,,,,,,,,,,,2025.1
2010,10,1,1,1017,PVV,22722,15.5,16,2010,16.96999931335449,1,0,8.615385055541992,5.230769157409668,,,,7.15384578704834,,,,1.357142806053162,8.0952377,.81818181,,5.666666507720947,5.833333492279053,4.699999809265137,5.699999809265137,5.5,4.599999904632568,,9.363636016845703,8.727272987365723,4.699999809265137,5.900000095367432,,,,2,5.222222328186035,10,9.909090995788574,,10,10,,,,9.699999809265137,9.5,5.571428775787354,3.666666746139526,8.1000004,2.5999999,,,,6.25,3,7.0999999,5.0999999,,,2.8571429,1.5,,3.200000047683716,,,,2,,,1.700000047683716,1.071428537368774,,,,,,,,,,,,,2025.1
2014,10,1,1,1017,PVV,22722,10.1,10,2012,13.3,1,0,9.25,4.55555534362793,5.1111112,,,7.777777671813965,4.8888888,,,1.090909123420715,8.363636,.8888889,,4.375,,5.166666507720947,,5,,4.875,9.333333015441895,,3.714285612106323,,,,,3.625,,9.875,,,9.7777777,,,9.75,,9.857142448425293,,5,,8.1999998,,,,,6.5,,7.5,,,,3,1.285714268684387,,2.125,,1,,1.200000047683716,,,1.125,1,,,,,9.4285717,5,,,,9,11,7,2025.1
2019,10,1,1,1017,PVV,22722,13.1,13.3,2017,3.53,1,0,8.692307472229004,6.461538314819336,3.9166667,4.3333335,6.375,7.230769157409668,5.9166665,1.3333334,3.4000001,1.307692289352417,7.0833335,0,1.4444444,6.181818008422852,,6.090909004211426,,5.833333492279053,4.181818008422852,6,9.090909004211426,,4.800000190734863,,,,,3.444444417953491,,9.923076629638672,9.909090995788574,.16666667,9.916667,10,.27272728,9.833333,,9.75,,5.75,,9,4,,,8.333333,7.25,,,,,,,,,1.700000047683716,,1.1,,1,,1.100000023841858,1,,,2.25,9.916667,9.272727,9.666667,3.4444444,10,,,,,,2025.1
2024,10,1,1,1017,PVV,22722,23.49,37,2023,17,1,,9.083333015441895,6.333333492279053,4.9166665,3.6666667,6.8000002,8.090909004211426,7,0,3.4285715,1.5,6.5,1.1666666,2.6666667,8,,5,,5.222222328186035,4.888888835906982,,9.800000190734863,,,,6.5999999,7.1999998,2.75,6.857142925262451,,9.833333015441895,9.833333015441895,.375,9.545455,8.7777777,,6,,9.5,,5.571428775787354,,7.5999999,2.4000001,8.833333,4.5999999,8,6,,,,,,,,,1.333333373069763,,,,,,,1,,7.5,,9.75,4.5,9.666667,2.8,,9.333333,9,,,,2025.1
2010,10,1,1,1018,PvdD,22951,1.3,1.3,2010,3.460000038146973,7,0,3.363636493682861,3.55555534362793,,,,3.800000190734863,,,,3.625,2.5641024,1.8,,3.571428537368774,2.900000095367432,4,2,4.166666507720947,2,,4.199999809265137,2.75,2.799999952316284,4.25,,,,4.800000190734863,2.714285612106323,3.5,2.666666746139526,,3.75,2.6666667,,,,4.333333492279053,3.285714387893677,2.5,4.222222328186035,1.625,8.625,,,,5,3,5,2.1428571,,,2.3571429,4.25,,4.199999809265137,,,,4.199999809265137,,,3.400000095367432,3.799999952316284,,,,,,,,,,,,,2025.1
2014,10,1,1,1018,PvdD,22951,1.9,1.3,2012,4.2,7,0,2.888888835906982,2.428571462631226,4.5555553,,,2.333333253860474,3.8888888,,,3.714285612106323,6,2,,2.75,,1.25,,2.666666746139526,,2,2.75,,2,,,,,1.333333373069763,,2.333333253860474,,,3,,,5,,4.333333492279053,,3.200000047683716,,.85714287,,,,,5,,7.3333335,,,,2.5714285,3.666666746139526,,2.166666746139526,,2.25,,1.5,,,3,3,,,,,5,2.2,,,,6,38,18,2025.1
2019,10,1,1,1018,PVdD,22951,3.2,3.3,2017,4.02,7,0,2.384615421295166,3.181818246841431,3.7272727,3.3333333,2.7142856,2.923076868057251,4.5454545,2.5,.80000001,2.636363744735718,4.818182,1,2.1666667,2.363636255264282,,2,,3.111111164093018,3.666666746139526,2.1818182,2.714285612106323,,2.375,,,,,2.285714387893677,,3.222222328186035,3.099999904632568,2.2,3.8,3.125,2.6666667,4.3000002,,3.875,,3,,1,9.6923075,,,7.7142859,7,,,,,,,,,2.444444417953491,,2.1428571,,3,,3.333333253860474,2.285714387893677,,,2.3333333,2,6.2857141,5.9166665,2.7777777,7.090909,,,,,,2025.1
2024,10,1,1,1018,PvdD,22951,2.25,3,2023,4.5,7,,1.5,2.272727251052856,4.4166665,3,1.8,2.25,6.181818,4,1.2857143,3.5,4,4.5,.5,1,,1.714285731315613,,4.222222328186035,3.555555582046509,,1.600000023841858,,,,1.8,1.6,.2,2.200000047683716,,2.400000095367432,3.416666746139526,2.8,3.3,3.4285715,,2.3333333,,1.5,,3.142857074737549,,2.2,9.3999996,.5,9.3999996,7.5,6,,,,,,,,,2.5,,,,,,,3,,4,,1,2,4.125,1,,2.4000001,.5,,,,2025.1
2014,10,1,1,1020,50PLUS,22953,1.9,1.3,2012,3.7,9,0,5.25,3.666666746139526,8.125,,,4.333333492279053,6.125,,,4.800000190734863,4.8000002,1,,3.333333253860474,,4.5,,4.25,,6,6,,3,,,,,2.333333253860474,,5,,,5.5,,,6,,5.5,,4.5,,5.3333335,,,,,5.5,,4,,,,1.5,4,,4.333333492279053,,5.5,,3.5,,,4,3.5,,,,,5.8000002,2.5,,,,13,14,16,2025.1
2019,10,1,1,1020,50PLUS,22953,3.1,2.7,2017,3.91,9,0,5.083333492279053,4.454545497894287,8.090909,2.5,4.75,5.599999904632568,3.125,2.6666667,6.6666665,3.857142925262451,2.75,3.5,4.3333335,3,,4.800000190734863,,4.400000095367432,6.888888835906982,4.2222223,6.199999809265137,,4.666666507720947,,,,,4.333333492279053,,5.5,3.142857074737549,2.5,6.6666665,3.4285715,2.5,6.375,,5.166666507720947,,4.400000095367432,,5.5714288,2.625,,,6.1999998,6.3333335,,,,,,,,,3.857142925262451,,3,,3.25,,3.333333253860474,3.400000095367432,,,1.6666666,2.8333333,6,4.7272725,1.75,7.3333335,,,,,,2025.1
2019,10,1,1,1050,DENK,,2.1,2,2017,1.1,9,0,4.363636493682861,3.5,4,3,2,7.545454502105713,6.6999998,1,3.6666667,4.666666507720947,2.375,1,2.6666667,3.428571462631226,,4.125,,3.125,4.857142925262451,3.375,2.833333253860474,,6.222222328186035,,,,,7.300000190734863,,1.555555582046509,8.875,.75,.63636363,9.6999998,.69999999,4.090909,,1.5,,2.599999904632568,,4.1999998,2.5,,,6,6.6666665,,,,,,,,,4.800000190734863,,2.6666667,,3.666666746139526,,3.599999904632568,2.666666746139526,,,1,5.181818,6.2857141,6.2727275,2,7.8888888,,,,,,2025.1
2024,10,1,1,1050,DENK,,2.37,3,2023,,9,,3.888888835906982,3.599999904632568,4.8000002,3.5,2.5999999,6.285714149475098,7.1428571,7,4.5,4.285714149475098,2.625,3.6666667,2.5,,,3.333333253860474,,3.625,4.75,,3.25,,,,7.75,7.4000001,7,8.166666984558105,,1.222222208976746,7.400000095367432,1.3333334,1.8888888,9.4285717,,2.3333333,,0,,2.5,,5,2.5999999,5,3,5,5.5,,,,,,,,,3.5,,,,,,,4,,5,,1,1.5,5.25,1.6,,4.6666665,.5,,,,2025.1
2019,10,1,1,1051,FvD,,1.8,1.3,2017,10.96,1,0,9.538461685180664,9.083333015441895,3.9166667,3.3333333,4.25,8.333333015441895,7.25,1.8333334,2.5999999,1.076923131942749,7.5,1,3.1111112,8.5,,8.363636016845703,,8.666666984558105,3.818181753158569,8.545455,9.181818008422852,,6.400000095367432,,,,,3.888888835906982,,9.923076629638672,9.818181991577148,.58333331,9.916667,9.818182,.90909094,9.833333,,9.75,,5.55555534362793,,9.3076925,5.6923075,,,6.4444447,5.5,,,,,,,,,1.444444417953491,,1,,1,,1,1,,,3.5999999,9.333333,9.454545,9.909091,3.5555556,8.636364,,,,,,2025.1
2024,10,1,1,1051,FvD,,2.23,3,2023,2.490000009536743,1,,9.833333015441895,8.800000190734863,3.7,3,2,9.833333015441895,8.333333,.5,.71428573,1.083333373069763,5.3333335,1.1666666,0,7,,8.166666984558105,,7.125,2.625,,9.199999809265137,,,,8.1999998,8.666667,7.4000001,6,,9.916666984558105,9,.14285715,9.727273,8,,6.6666665,,10,,5.166666507720947,,7.8000002,2.4000001,9.833333,5,4,6.6666665,,,,,,,,,1,,,,,,,1,,8,,9.75,5,9.7777777,3.2,,9.166667,8.5,,,,2025.1
2024,10,1,1,1052,Volt,,1.71,2,2023,5.099999904632568,3,,4.545454502105713,4.699999809265137,5.5454545,3.3333333,2.2,1.090909123420715,7.909091,.5,.75,7,9.333333,.66666669,0,5,,4.428571224212646,,4.55555534362793,3,,2,,,,1.2,1,.2,1.399999976158142,,2.090909004211426,5.900000095367432,2,2.2,5.1428571,,4,,1.5,,1.571428537368774,,3.8,6.4000001,.83333331,8.1999998,2.3333333,6.3333335,,,,,,,,,7,,,,,,,7,,2,,1,2.5,1.125,1.8,,1.3333334,.5,,,,2025.1
2024,10,1,1,1054,BBB,,4.65,7,2023,5.400000095367432,9,,7.75,7,4.6666665,5,5.1999998,7.666666507720947,5.818182,1.5,4.5714288,2.583333253860474,5.25,4,3,6,,6.428571224212646,,6.222222328186035,3.777777671813965,,7.400000095367432,,,,6,6.4000001,3.6666667,5.833333492279053,,7.916666507720947,6,4.6666665,7.6363635,5.1111112,,5.3333335,,6.5,,9.875,,7.1999998,7.4000001,8.666667,7.1999998,8.666667,2.3333333,,,,,,,,,4,,,,,,,2.666666746139526,,5,,5.5,4.5,8,1.8,,8.3999996,2.5,,,,2025.1
2024,10,1,1,1056,NSC,,12.88,20,2023,3.700000047683716,4,,6.583333492279053,6,6.25,4.3333335,4.5999999,6.666666507720947,5.5454545,6,5.2857141,4,4.3333335,5.75,3.3333333,6,,5.142857074737549,,4.300000190734863,6.111111164093018,,7.199999809265137,,,,5,5.1999998,3,7.285714149475098,,7.166666507720947,7.083333492279053,5.2857141,7.181818,6.1111112,,5.6666665,,6,,7.857142925262451,,5,3.8,5.8333335,6.8000002,6.3333335,4.3333335,,,,,,,,,5.5,,,,,,,3.25,,3.5,,5.5,1.5,4.8888888,3.8,,2.8,.5,,,,2025.1
1999,11,1,1,1101,CONS,51620,30.7,25,1997,35.77000045776367,2,0,6.92307710647583,7.692307472229004,,,,7.083333492279053,,,,2.153846263885498,6.875,5,,,,,,,,,,,,,,,,,,,,,,,,,,,,,,,,,,,,,,,,,,2.5,1.083333373069763,,1.461538434028625,,,2.916666746139526,3.166666746139526,2.230769157409668,2.583333253860474,,,,,,,,,,,,,,2025.1
2002,11,1,1,1101,CONS,51620,31.7,25.200001,2001,35.77000045776367,2,0,7.72,8.06,,,,8.17,,,,2,8.1333332,7.4666662,,,,,,,,,,,,,,,,,,,,,,,,,,,,,,,,,,,,,,,,,,1.61,,4.28,1.65,,2.13,2.93,2.33,2.47,1.72,,,,,,,,,,,,,,2025.1
2006,11,1,1,1101,CONS,51620,32.4,30.700001,2005,26.70000076293945,2,0,6.56,7,,,,6,,,,2.56,5.1999998,6.2199998,,5.78000020980835,6.440000057220459,7.670000076293945,7.5,7.630000114440918,5.570000171661377,,7.289999961853027,6.880000114440918,5,5.139999866485596,,,,6,4,8,7.880000114440918,,7.5,,,7.29,7.29,7.139999866485596,7.139999866485596,6.429999828338623,5.860000133514404,,,,,,6.29,4.5700002,,,7.1399999,5.29,,2.63,,6.13,,,,4.25,,,2.5,4.13,,,,,,,,,,,,,2025.1
2010,11,1,1,1101,CONS,51620,36.1,47.200001,2010,27.70000076293945,2,1,7.133333206176758,7.642857551574707,,,,6.266666889190674,,,,2.266666650772095,5.5555558,5.4000001,,7,7.142857074737549,7.357142925262451,7.166666507720947,6.642857074737549,5.230769157409668,,6.928571224212646,6.538461685180664,4.857142925262451,5.416666507720947,,,,5.75,3.545454502105713,7.571428775787354,7.461538314819336,,6.9166665,6.6153846,,,,5.25,4.727272510528564,7,5,6.2307692,4.3333335,,,,5,4.9166665,3.0769231,5.0833335,,,2.2,2.333333253860474,,5.692307472229004,,,,3.416666746139526,,,2.75,5.333333492279053,,,,,,,,,,,,,2025.1
2014,11,1,1,1101,CONS,51620,36.1,47.200001,2010,23.9,2,1,7,7.857142925262451,9,,,6.142857074737549,4.8571429,,,3.142857074737549,7.4285712,7.2857141,,8.142857551574707,,7.857142925262451,,6.833333492279053,,7.4285712,7.428571224212646,,4.857142925262451,,,,,6.5,,8,,,7.1666665,,,7.3333335,,5.142857074737549,,5.833333492279053,,7.5714288,,,,,5.2857141,,3.7142856,,,,2,2.833333253860474,,5.857142925262451,,2,,3.200000047683716,,,3.5,3.599999904632568,,,,,2.1666667,3.1666667,,,,13,9,5,2025.1
2019,11,1,1,1101,CONS,51620,43.63,57.799999,2019,9.1,2,1,7.117647171020508,7.058823585510254,6.25,3.4545455,4,6.176470756530762,5.1176472,4.8333335,4,1.529411792755127,9.5882349,4.625,1.5555556,6.235294342041016,,7.8125,,6.647058963775635,5.117647171020508,6.2352943,7.375,,3.9375,,,,,5.909090995788574,,7.588235378265381,8.29411792755127,2.75,6.5,6.7142859,2.8461537,7.7647057,,6.199999809265137,,6.599999904632568,,6.1764708,3.5882354,,,4.5333333,6.3571429,,,,,,,,,2.666666746139526,,1.2,,2.25,,1.133333325386047,1.200000047683716,,,2,4.8571429,4.625,7,.9285714,8,,,,,,2025.1
2024,11,1,1,1101,CONS,51620,23.7,121,2024,,2,,7.666666507720947,7.428571224212646,7.4761906,3.625,3.7692308,7.142857074737549,6.8095236,4.625,3.75,1.761904716491699,5.2857141,3.1111112,2.1666667,7.166666507720947,,7,,7.150000095367432,4.699999809265137,,7.5,,,,5.3076925,5.4545455,2.7777777,5.142857074737549,,8.285714149475098,8.714285850524902,3.3499999,7.1578946,7.6315789,,7.5454545,,5.636363506317139,,7,,5.9000001,3.5,5.4545455,4.6363635,4.181818,6.4000001,,,,,,,,,2.25,,,,,,,1.166666626930237,,1.1666666,,4.1538463,3.8888888,4.6999998,2.5999999,,6.5,4.2857141,,,,2025.1
1999,11,1,1,1102,LAB,51320,43.2,63.599998,1997,28.03000068664551,5,1,4.730769157409668,4.846153736114502,,,,4.5,,,,5.384615421295166,5.1923079,3.4615386,,,,,,,,,,,,,,,,,,,,,,,,,,,,,,,,,,,,,,,,,,4.727272510528564,2.833333253860474,,4.25,,,5.083333492279053,5.75,4.384615421295166,5.461538314819336,,,,,,,,,,,,,,2025.1
2002,11,1,1,1102,LAB,51320,40.7,62.5,2001,28.03000068664551,5,1,5.18,5.28,,,,4.83,,,,5.22,6.8666663,3.7666664,,,,,,,,,,,,,,,,,,,,,,,,,,,,,,,,,,,,,,,,,,3.76,,5.39,4.63,,2.12,4.93,4.94,5.13,5.19,,,,,,,,,,,,,,2025.1
2006,11,1,1,1102,LAB,51320,35.2,55,2005,22.60000038146973,5,1,4.88,4.44,,,,4.67,,,,5.22,4.4333329,4,,3.670000076293945,7,6,5.380000114440918,4.380000114440918,6.570000171661377,,7.139999866485596,6.75,3.140000104904175,6.139999866485596,,,,5,3.289999961853027,6.5,6,,6.3800001,,,5.29,5.29,4.139999866485596,5.829999923706055,3.140000104904175,4,,,,,,4.5700002,4.71,,,7.1399999,5.8600001,,4.63,,6.13,,,,5.63,,,5.25,5.75,,,,,,,,,,,,,2025.1
2010,11,1,1,1102,LAB,51320,29,39.700001,2010,15.69999980926514,5,0,4,4,,,,4.066666603088379,,,,4.800000190734863,3.7777781,3.5999999,,2.866666555404663,7.285714149475098,4.428571224212646,5,3.357142925262451,5.538461685180664,,6.071428775787354,5.538461685180664,2.357142925262451,4.416666507720947,,,,4.25,2.181818246841431,5.571428775787354,5.846153736114502,,3.8333333,5,,,,3.333333253860474,4.454545497894287,2.727272748947144,2.75,5.2307692,3.9230769,,,,3.75,4.9166665,2.9230769,5.1666665,,,1.0666667,4.583333492279053,,5.769230842590332,,,,5.416666507720947,,,5.083333492279053,5.583333492279053,,,,,,,,,,,,,2025.1
2014,11,1,1,1102,LAB,51320,29,39.700001,2010,25.4,5,0,3.571428537368774,3.857142925262451,7.8571429,,,3.428571462631226,4.1428571,,,5.571428775787354,3.5714285,3.5714285,,4.142857074737549,,4.5,,3.333333253860474,,3.5714285,5,,2,,,,,4.833333492279053,,5.428571224212646,,,3.8333333,,,4.1666665,,2.714285612106323,,3.333333253860474,,5,,,,,4.3333335,,4.2857141,,,,1,4.5,,5.857142925262451,,3.4000001,,5.800000190734863,,,5.166666507720947,4,,,,,4,3.6666667,,,,13,14,9,2025.1
2019,11,1,1,1102,LAB,51320,32.16,32.099998,2019,14.1,5,0,1.941176414489746,1.941176414489746,8.1875,6,1.1666666,2.29411768913269,4.7647057,3,2.2222223,4,6.4117646,8,7.25,1.823529362678528,,1.25,,1.588235259056091,8.70588207244873,1.2941177,3.266666650772095,,1.235294103622437,,,,,3.166666746139526,,3.529411792755127,4.823529243469238,4.6875,3.1428571,4.2857141,4.0769229,3,,2.066666603088379,,2.599999904632568,,3.1764705,5.7058825,,,6.1538463,4,,,,,,,,,4.928571224212646,,3.2857144,,4.833333492279053,,4.166666507720947,3.285714387893677,,,2.6153846,2.4285715,4.3125,4.9375,1.5,4.375,,,,,,2025.1
2024,11,1,1,1102,LAB,51320,33.7,411,2024,,5,,3.809523820877075,3.61904764175415,8.3809528,6,5.5384617,3.333333253860474,4.0952382,3.375,5.25,4.428571224212646,3.4761906,4.7777777,6.1666665,3,,4.133333206176758,,3.549999952316284,5.800000190734863,,4.625,,,,2.3846154,2.6363637,.77777779,3.571428537368774,,5.095238208770752,5.61904764175415,5.2105265,3.3157895,4.4210525,,3.5454545,,2.363636255264282,,2.777777671813965,,2.8,6.4000001,3,5.909091,3.4545455,2.8,,,,,,,,,4.25,,,,,,,3.833333253860474,,1.5,,2.6923077,2.5555556,1.6,6.5999999,,4.5,1.4285715,,,,2025.1
1999,11,1,1,1104,LibDem,51421,16.8,7,1997,12.65999984741211,3,0,4,3.769230842590332,,,,2.772727251052856,,,,6.615384578704834,6.5909095,1.875,,,,,,,,,,,,,,,,,,,,,,,,,,,,,,,,,,,,,,,,,,6.454545497894287,5.300000190734863,,5.636363506317139,,,6.25,6.625,6.083333492279053,6.615384578704834,,,,,,,,,,,,,,2025.1
2002,11,1,1,1104,LibDem,51421,18.3,7.9000001,2001,12.65999984741211,3,0,3.82,4.22,,,,2.5,,,,6.67,7.5999999,1.4222221,,,,,,,,,,,,,,,,,,,,,,,,,,,,,,,,,,,,,,,,,,6.06,,6.06,5.88,,2.8,5.87,6.4,6.21,6.44,,,,,,,,,,,,,,2025.1
2006,11,1,1,1104,LibDem,51421,22,9.6000004,2005,14.89999961853027,3,0,4.33,4.33,,,,2.56,,,,6.22,6.6666665,1.89,,3.559999942779541,6.670000076293945,6.440000057220459,6,3.630000114440918,6.860000133514404,,2.710000038146973,7.130000114440918,1.710000038146973,7.570000171661377,,,,3,3.859999895095825,3.75,5.130000114440918,,4.8800001,,,3.4300001,6.4000001,3,6.139999866485596,5.710000038146973,5.570000171661377,,,,,,2,7.1399999,,,4.5700002,6.4299998,,6.25,,6.38,,,,6.38,,,6.25,5.75,,,,,,,,,,,,,2025.1
2010,11,1,1,1104,LibDem,51421,23,8.8000002,2010,13.69999980926514,3,1,5,5.642857074737549,,,,2.733333349227905,,,,6,5.7777777,1.8666667,,4.466666698455811,7,5.785714149475098,5.083333492279053,4.285714149475098,5.846153736114502,,3.285714387893677,6.384615421295166,1.142857193946838,6.416666507720947,,,,3,2.090909004211426,3.714285612106323,5.692307472229004,,3.4166667,4.9230771,,,,2.583333253860474,4.181818008422852,5.727272510528564,3.545454502105713,4.1538463,5.3076925,,,,2.0833333,5.8333335,4.5384617,5.5,,,1,5.75,,6.07692289352417,,,,5.5,,,6,5.75,,,,,,,,,,,,,2025.1
2014,11,1,1,1104,LibDem,51421,23,8.8000002,2010,6.9,3,1,4.857142925262451,5.142857074737549,7.7142859,,,2.428571462631226,4.8571429,,,6.714285850524902,6.7142859,2,,4.5,,6,,4.333333492279053,,4.8571429,3.285714387893677,,1.142857193946838,,,,,3.599999904632568,,4.285714149475098,,,3.3333333,,,3.1666667,,2.142857074737549,,3.666666746139526,,3.6666667,,,,,3.1666667,,4.5714288,,,,1,6,,6.428571224212646,,4.8333335,,6.599999904632568,,,6,4.75,,,,,3.1666667,3.5,,,,13,14,27,2025.1
2019,11,1,1,1104,LibDem,51421,11.55,1.7,2019,20.3,3,0,4.235294342041016,4.470588207244873,5.25,2.5454545,2.8,1.529411792755127,5.5294118,2.3333333,1.3333334,6.764705657958984,9.5882349,1.25,.44444445,3.5,,3.8125,,3.470588207244873,5.5625,4.2941175,2.533333301544189,,.9411764740943909,,,,,2.818181753158569,,2.588235378265381,4.823529243469238,1.7142857,3,4.7692308,1.7272727,1.8,,2.733333349227905,,3.230769157409668,,3.2352941,5.5294118,,,3.6153846,3.5,,,,,,,,,6.642857074737549,,5,,5.583333492279053,,5.538461685180664,5,,,2.9230769,2.2857144,4.5333333,3.5999999,2.0714285,4.0714288,,,,,,2025.1
2024,11,1,1,1104,LibDem,51421,12.2,72,2024,,3,,3.857142925262451,4.285714149475098,6.3809524,4,4.3076925,1.761904716491699,6.2857141,2.625,3.25,5.761904716491699,6.1428571,1.6666666,3.75,2.75,,4,,3.684210538864136,5.210526466369629,,2,,,,2.1666667,1.6363636,.66666669,2.400000095367432,,3.38095235824585,4.904761791229248,2.2631578,2.8421052,4.6315789,,2.1818182,,2.545454502105713,,4.666666507720947,,2.3,6.9000001,2.090909,6.9000001,2.7,2,,,,,,,,,5.75,,,,,,,5.199999809265137,,2,,2.2307692,5.3333335,2.3333333,7,,2.7142856,1,,,,2025.1
1999,11,1,1,1105,SNP,51902,2,.89999998,1997,2.680000066757202,8,0,3.416666746139526,2.875,,,,3.636363744735718,,,,6.545454502105713,5.75,1.5,,,,,,,,,,,,,,,,,,,,,,,,,,,,,,,,,,,,,,,,,,5.714285850524902,5.5,,6,,,6.625,6.125,5.333333492279053,6.166666507720947,,,,,,,,,,,,,,2025.1
2002,11,1,1,1105,SNP,51902,1.8,.80000001,2001,2.680000066757202,8,0,3,2.83,,,,4.5,,,,5.54,5.8333335,2.2222223,,,,,,,,,,,,,,,,,,,,,,,,,,,,,,,,,,,,,,,,,,5,,4.56,6.13,,3.4,6.31,5.75,6,5.38,,,,,,,,,,,,,,2025.1
2006,11,1,1,1105,SNP,51902,1.5,.89999998,2005,1.399999976158142,8,0,3.89,3.88,,,,4,,,,5.22,5.9333334,3,,3.25,5.5,4.130000114440918,4.570000171661377,4.139999866485596,4.829999923706055,,4.329999923706055,4.860000133514404,3.829999923706055,4,,,,3.829999923706055,3.170000076293945,4.570000171661377,4.710000038146973,,5,,,7.4299998,7.1399999,4.329999923706055,4,5.5,4.829999923706055,,,,,,.70999998,8.5699997,,,2.71,4.8600001,,4.86,,5.43,,,,6.43,,,4.57,4.57,,,,,,,,,,,,,2025.1
2010,11,1,1,1105,SNP,51902,1.7,.89999998,2010,2.099999904632568,8,0,3.333333492279053,2.928571462631226,,,,3.583333492279053,,,,5.133333206176758,4.5238099,2.6363637,,2.692307710647583,7.083333492279053,3.75,4,2.769230842590332,5.272727489471436,,4.800000190734863,4.888888835906982,3.090909004211426,4.875,,,,3.599999904632568,2.666666746139526,3.727272748947144,4.333333492279053,,4.5714288,4.375,,,,3.375,4.285714149475098,5.5,3.888888835906982,4,4.8571429,,,,1.0833334,8.181818,5.75,2.6666667,,,1.3333334,4.5,,4.727272510528564,,,,5.818181991577148,,,4.55555534362793,4.44444465637207,,,,,,,,,,,,,2025.1
2014,11,1,1,1105,SNP,51902,1.7,.89999998,2010,2.5,8,0,3,3.333333253860474,6.8571429,,,4.599999904632568,3.4285715,,,6.285714149475098,5.5714288,3,,3.200000047683716,,4.333333492279053,,2.400000095367432,,3,3.75,,2.25,,,,,4.400000095367432,,3.599999904632568,,,3.6666667,,,6.3333335,,2,,4.199999809265137,,5,,,,,2.3333333,,6.5,,,,1,6,,6.25,,4.6666665,,6.800000190734863,,,5.800000190734863,5,,,,,7.3333335,3.8333333,,,,12,4,13,2025.1
2019,11,1,1,1105,SNP,51902,3.88,7.5999999,2019,3.6,8,0,3.5,3.4375,5.4000001,2.6363637,3,2.666666746139526,5,3.5999999,2.3333333,6.5625,8.375,1.5,1,2.875,,3.066666603088379,,3.125,6,3.75,3.923076868057251,,1.4375,,,,,3.111111164093018,,2.333333253860474,4.733333110809326,2.0833333,3.0769231,4.5,1.9,3.875,,2.615384578704834,,4.166666507720947,,2.8461537,6.25,,,5,1.8571428,,,,,,,,,6.642857074737549,,5,,6.416666507720947,,5.583333492279053,5.5,,,2.8,2.0833333,6.5,5.3333335,1.6923077,6.125,,,,,,2025.1
2024,11,1,1,1105,SNP,51902,2.5,9,2024,,8,,3.315789461135864,3.111111164093018,5.7222223,3.8,3.6363637,2.823529481887817,5.625,4.5,3.8888888,6.368421077728271,6.8333335,1.8333334,2.9000001,2.5,,3.599999904632568,,2.8125,6.125,,4.25,,,,2.3,1.8571428,.85714287,2.799999952316284,,2.642857074737549,4.75,2.5454545,2.3846154,4.4285712,,4.7777777,,2,,4.857142925262451,,3,6,3.2222223,6.5,4.2857141,.16666667,,,,,,,,,6.25,,,,,,,6,,1.75,,1.7,6,3.2857144,4.75,,4,2.4000001,,,,2025.1
1999,11,1,1,1106,PLAID,51901,.5,.60000002,1997,1.850000023841858,8,0,3.25,2.458333253860474,,,,3.625,,,,6,4.375,1.875,,,,,,,,,,,,,,,,,,,,,,,,,,,,,,,,,,,,,,,,,,5.5,5.25,,5.75,,,6.428571224212646,6.142857074737549,5,6.199999809265137,,,,,,,,,,,,,,2025.1
2002,11,1,1,1106,PLAID,51901,.7,.60000002,2001,1.850000023841858,8,0,3.2,3.07,,,,4.19,,,,5.75,6.4333334,2.2222223,,,,,,,,,,,,,,,,,,,,,,,,,,,,,,,,,,,,,,,,,,5.33,,4.75,5.18,,3.58,6.38,5.36,5.2,5.33,,,,,,,,,,,,,,2025.1
2006,11,1,1,1106,PLAID,51901,.6,.5,2005,1,8,0,3.1,2.75,,,,3.5,,,,5.4,4.666667,3.5,,2.880000114440918,5.380000114440918,4.130000114440918,4,3,4.5,,4,5.429999828338623,3.170000076293945,4,,,,3,2.329999923706055,4.289999961853027,3.859999895095825,,4,,,8.29,7.8600001,3.829999923706055,4,6.329999923706055,5.829999923706055,,,,,,.43000001,9.5699997,,,2.4300001,4.8600001,,5.14,,5.17,,,,6.71,,,4.57,4.71,,,,,,,,,,,,,2025.1
2010,11,1,1,1106,PLAID,51901,.6,.5,2010,.800000011920929,8,0,3,2.615384578704834,,,,3.230769157409668,,,,5,4.545454,2.6363637,,2.461538553237915,7,3.545454502105713,3.666666746139526,2.400000095367432,6,,4.5,5,3.333333253860474,5.285714149475098,,,,3.444444417953491,2.714285612106323,3.888888835906982,5.125,,4.4285712,4.7142859,,,,3.833333253860474,4.428571224212646,6.714285850524902,4,3.4444444,5.2222223,,,,1.25,8.333333,6.25,3.1111112,,,1.6,4.545454502105713,,4.545454502105713,,,,5.818181991577148,,,4.55555534362793,4.44444465637207,,,,,,,,,,,,,2025.1
2014,11,1,1,1106,PLAID,51901,.6,.5,2010,.7,8,0,3.25,3.25,7,,,4.333333492279053,7.1666665,,,6,5,3,,3,,4,,3.666666746139526,,3,2,,0,,,,,3.5,,3,,,5,,,5.75,,1,,4.666666507720947,,3,,,,,1.6,,6,,,,1,6,,6.333333492279053,,4,,7,,,5.666666507720947,5,,,,,6.5,3.25,,,,12,4,17,2025.1
2019,11,1,1,1106,PLAID,51901,.48,.60000002,2019,1,8,0,3.090909004211426,3.363636255264282,5.1111112,1.7142857,3,3,4.5555553,3.6666667,1.5,6.230769157409668,7.3636365,1.2,1.6,2.818181753158569,,2.888888835906982,,3.090909004211426,5.800000190734863,3.2727273,3.857142925262451,,1.899999976158142,,,,,3,,2.444444417953491,4,2.1111112,3.125,3.6666667,1.8571428,4.7272725,,2.875,,3.777777671813965,,3.4000001,6.1111112,,,5.8333335,1.4166666,,,,,,,,,6.599999904632568,,4.6999998,,6.454545497894287,,5.5,5.5,,,2.2222223,1.2,5.3000002,4.2222223,1.1111112,5.5,,,,,,2025.1
2024,11,1,1,1106,PLAID,51901,.7,4,2024,,8,,3.125,2.923076868057251,5.5454545,3,3.375,3.454545497894287,5.7777777,3.5,3.6666667,6.199999809265137,6.3571429,2.5,3,,,3.75,,3.166666746139526,5.384615421295166,,3.5,,,,2.6666667,3,1.4,2.599999904632568,,3.625,4.900000095367432,3,3.3333333,4.0999999,,5,,3.333333253860474,,5.428571224212646,,3.3333333,5.8333335,3.8,5.75,4.8000002,.40000001,,,,,,,,,5.5,,,,,,,7,,2.6666667,,1.6666666,5.4000001,3,7.5,,3,2.25,,,,2025.1
1999,11,1,1,1107,GREEN,,.200000002980232,0,1997,6.25,7,0,2.25,1.875,,,,1.777777791023254,,,,4.44444465637207,4.375,2.5,,,,,,,,,,,,,,,,,,,,,,,,,,,,,,,,,,,,,,,,,,5.333333492279053,4.75,,6.25,,,6,7,5.75,4.75,,,,,,,,,,,,,,2025.1
2006,11,1,1,1107,GREEN,,1,0,2005,6.300000190734863,7,0,2.89,2.88,,,,2.25,,,,3.78,4.4333329,4,,2.75,5.289999961853027,2.880000114440918,4.5,2.829999923706055,6,,2.329999923706055,5.139999866485596,1.5,5.829999923706055,,,,2.329999923706055,2.5,3.569999933242798,3.289999961853027,,3.4300001,,,1.67,4.5,2.829999923706055,3.329999923706055,5.670000076293945,4.5,,,,,,1.14,8.1400003,,,1,6.1399999,,5.5,,3.57,,,,5.67,,,4.17,4.5,,,,,,,,,,,,,2025.1
2010,11,1,1,1107,GREEN,,1,.2,2010,8.100000381469727,7,0,2.533333301544189,1.923076868057251,,,,1.428571462631226,,,,4.692307472229004,4.7619047,2.4545455,,2,6.5,2.307692289352417,4.454545497894287,2.076923131942749,5.55555534362793,,2,5.333333492279053,.8461538553237915,6.454545497894287,,,,1.909090876579285,2,2.5,4.272727489471436,,2.6666667,4,,,,2.222222328186035,5.625,4.875,2.777777671813965,.61538464,9,,,,1.8,6.2222223,7.9000001,4.9000001,,,1.8666667,4.800000190734863,,3.666666746139526,,,,5,,,4.111111164093018,4.875,,,,,,,,,,,,,2025.1
2014,11,1,1,1107,GREEN,,1,.2,2010,7.9,7,0,1.857142806053162,2,5.2857141,,,1,6.8571429,,,5.166666507720947,4.5714288,4,,1.5,,1.714285731315613,,1.833333373069763,,2.1428571,1.200000047683716,,.8333333134651184,,,,,2,,2.142857074737549,,,2,,,1.1666666,,1.166666626930237,,5,,.42857143,,,,,2,,6.8000002,,,,1.4285715,6,,3.75,,3,,6.5,,,4.25,4,,,,,7.6666665,5.1428571,,,,6,14,2,2025.1
2019,11,1,1,1107,GREEN,,2.7,.2,2019,12.1,7,0,2,2.117647171020508,5.4000001,1.6,1.4,.8125,6.7857141,2,1,6.705882549285889,7.7647057,.875,1.2857143,2,,1.666666626930237,,1.875,6.4375,1.875,1.785714268684387,,.7058823704719543,,,,,2.400000095367432,,1.70588231086731,4.266666889190674,1.4166666,2.5,5.0833335,1.2222222,1.3125,,1.923076868057251,,3.363636255264282,,1,9.0588236,,,5.8888888,2.5999999,,,,,,,,,5.538461685180664,,5,,5.833333492279053,,5.916666507720947,5.25,,,3.25,2.2142856,5.9230771,5.0666666,2.2307692,2.6153846,,,,,,2025.1
2024,11,1,1,1107,GREEN,,6.4,4,2024,,7,,2.049999952316284,2.099999904632568,5.3888888,3.2,2.2222223,1.450000047683716,7.1666665,1.8,2.4545455,6.150000095367432,5.7368422,1.7142857,3,1.399999976158142,,2.083333253860474,,2.277777671813965,6.176470756530762,,2,,,,2,.72727275,.42857143,1.5,,2.736842155456543,4.315789699554443,1.5833334,1.9375,4.75,,1.6363636,,1.625,,5.142857074737549,,.55555558,9.666667,.18181819,9.454545,5,1.5,,,,,,,,,5.25,,,,,,,5.25,,4.5999999,,2.6666667,5,3.8888888,6.3333335,,2,.66666669,,,,2025.1
1999,11,1,1,1108,UKIP,51951,.3,0,1997,6.960000038146973,1,0,7.245833396911621,7.807692527770996,,,,7.571428775787354,,,,1,6.25,0,,,,,,,,,,,,,,,,,,,,,,,,,,,,,,,,,,,,,,,,,,1.25,1,,1,,,1,1.083333373069763,1.076923131942749,1,,,,,,,,,,,,,,2025.1
2006,11,1,1,1108,UKIP,51951,2.2,0,2005,16.10000038146973,1,0,8.44,8.380000000000001,,,,8.130000000000001,,,,1,10,1.4400001,,8.25,3.25,7.710000038146973,6.860000133514404,7,3,,7.5,6.429999828338623,7,4.329999923706055,,,,6,5,9.630000114440918,9.25,,9.29,,,9.5699997,9.1400003,9,7.829999923706055,5.329999923706055,4.329999923706055,,,,,,6,5.5,,,5.71,4.29,,1.5,,3.14,,,,1.86,,,1,1.14,,,,,,,,,,,,,2025.1
2010,11,1,1,1108,UKIP,51951,3.1,0,2010,16.5,1,0,8.785714149475098,8.166666984558105,,,,7.615385055541992,,,,1,10,.93333334,,7.5,3.666666746139526,7.375,3.875,7.55555534362793,4,,8.333333015441895,5.909090995788574,7.181818008422852,4.545454502105713,,,,5.888888835906982,3.400000095367432,9.461538314819336,8.583333015441895,,9.3000002,8.636364,,,,8.818181991577148,6.800000190734863,6.714285850524902,4,7.2857141,2,,,,7.375,4.3333335,5.8571429,4,,,3,1.083333373069763,,2.166666746139526,,,,1.166666626930237,,,1.083333373069763,1.181818127632141,,,,,,,,,,,,,2025.1
2014,11,1,1,1108,UKIP,51951,3.1,0,2010,27.5,1,0,9.142857551574707,8.571428298950195,5.1428571,,,9.285714149475098,8.1428576,,,1.142857193946838,9.1428576,.71428573,,8.833333015441895,,8.333333015441895,,7.5,,8.5,8.857142448425293,,8.5,,,,,6.800000190734863,,10,,,9.8000002,,,9.833333,,8.428571701049805,,5.666666507720947,,9,,,,,5.75,,5,,,,3,1.166666626930237,,2.571428537368774,,1.1428572,,1.285714268684387,,,1.285714268684387,1,,,,,9.2857141,6.8000002,,,,9,8,1,2025.1
2019,11,1,1,1108,UKIP,51951,.1,0,2019,3.3,1,0,8.6875,7.733333110809326,2.2,3.375,5.3333335,8.199999809265137,6.5999999,1.5,1.5555556,1,9.9411764,.25,0,6.5,,7.666666507720947,,7.066666603088379,3.266666650772095,7,9,,7.785714149475098,,,,,7,,9.470588684082031,9.29411792755127,.9375,9.1538458,8.5,1.0833334,9.25,,7.92307710647583,,6.571428775787354,,8.6000004,1.0833334,,,5.7272725,6.5,,,,,,,,,1.133333325386047,,1,,1,,1,1,,,2.3636363,5.6153846,8.5333338,8.8125,2.4615386,8.8666668,,,,,,2025.1
2010,11,1,1,1109,BNP,,1.9,0,2010,6.199999809265137,1,0,9.928571701049805,5.846153736114502,,,,9.533333778381348,,,,1.200000047683716,7.5555553,1.4545455,,3.75,3.111111164093018,2.666666746139526,2.25,3.666666746139526,3.714285612106323,,9.916666984558105,8,9.615385055541992,7.599999904632568,,,,6.777777671813965,3.888888835906982,10,10,,10,9.916667,,,,9.84615421295166,9.583333015441895,3,4.375,7.6666665,1.8888888,,,,8.8571424,3.375,4.5,3.1111112,,,3,1.25,,1.909090876579285,,,,1.272727251052856,,,1.166666626930237,1.100000023841858,,,,,,,,,,,,,2025.1
2019,11,1,1,1110,BREXIT,,2.01,0,2019,31.6,1,0,8.199999809265137,6.888888835906982,4.3333335,3,3.3333333,8.615385055541992,7.4615383,1.75,.75,1.875,8.2857141,2,3,6.599999904632568,,6.333333492279053,,6.375,4.333333492279053,6.5714288,8.100000381469727,,8.571428298950195,,,,,9.285714149475098,,8.600000381469727,6.199999809265137,1.7777778,7.5,6.625,2,8.8000002,,7.300000190734863,,6,,7.5,2.6666667,,,7,5.6999998,,,,,,,,,2.666666746139526,,1.5454545,,4,,1.5,1.25,,,2.4000001,4,4.625,6,1,7.8571429,,,,,,2025.1
2024,11,1,1,1110,REF UK,,14.3,5,2024,,1,,9.238095283508301,8.388889312744141,3.9523809,1.5,6.0833335,9.100000381469727,8.5238094,1.1428572,1.8333334,1.047619104385376,7.0476189,.66666669,.25,7.599999904632568,,7.181818008422852,,8,3.529411792755127,,9.714285850524902,,,,7.0769229,7.818182,6.375,5.666666507720947,,9.809523582458496,9.809523582458496,.90476191,9.3684206,9.5263157,,9.818182,,8.272727012634277,,5.75,,8.5555553,2.3333333,8.181818,5.3636365,6.090909,9,,,,,,,,,1,,,,,,,1,,3.75,,6.8461537,6.5555553,9.3999996,6,,9.666667,6.6666665,,,,2025.1
1999,12,1,1,1201,CDU,35229,9,7.4000001,1999,10.30000019073486,6,0,2.799999952316284,2.400000095367432,,,,3,,,,2.599999904632568,4.5,1.9999999,,,,,,,,,,,,,,,,,,,,,,,,,,,,,,,,,,,,,,,,,,3.200000047683716,3.25,,4.666666507720947,,,5.400000095367432,6,5,3,,,,,,,,,,,,,,2025.1
2002,12,1,1,1201,CDU,35229,6.9,5.1999998,2002,10.30000019073486,6,0,1.57,1.14,,,,2.43,,,,2.71,4.7666669,2.8555555,,,,,,,,,,,,,,,,,,,,,,,,,,,,,,,,,,,,,,,,,,2.86,,2,4.5,,5.57,6.83,5.67,5.5,3.86,,,,,,,,,,,,,,2025.1
2006,12,1,1,1201,CDU,35229,7.6,6.0999999,2005,9.100000381469727,6,0,2.3,.9,,,,2.5,,,,3.8,5.333333,1.6,,.6000000238418579,8.699999809265137,.699999988079071,7.599999904632568,.699999988079071,9.100000381469727,,2.5,5.699999809265137,2.700000047683716,5.199999809265137,,,,.3799999952316284,5.699999809265137,2.799999952316284,5.900000095367432,,2.75,,,5,4.5599999,1.710000038146973,6.289999961853027,6.289999961853027,5.139999866485596,,,,,,2.5,5.3299999,,,.80000001,8.2200003,,4.89,,3.11,,,,5.89,,,2.67,4.71,,,,,,,,,,,,,2025.1
2010,12,1,1,1201,CDU,35229,7.86,6.5,2009,10.64000034332275,6,0,.6666666269302368,.5,,,,1.666666746139526,,,,3,5,.83333331,,.5,8.333333015441895,.1666666716337204,5.599999904632568,.1666666716337204,9.166666984558105,,2.666666746139526,5.5,2.166666746139526,2.599999904632568,,,,.4000000059604645,3.599999904632568,2.166666746139526,3.666666746139526,,3,2.6666667,,,,1.75,2,5.199999809265137,5.333333492279053,3.8333333,3.3333333,,,,4.3333335,4,7,2.5,,,2.6666667,4.75,,2,,,,6.166666507720947,,,2.166666746139526,5,,,,,,,,,,,,,2025.1
2014,12,1,1,1201,CDU,35229,8.199999999999999,7,2011,13.7,6,0,.5,.3333333432674408,10,,,4.166666507720947,2.5,,,1.875,7.125,.2857143,,2.333333253860474,,.1666666716337204,,.1666666716337204,,.16666667,2.166666746139526,,5,,,,,.5,,2.5,,,2,,,4.8333335,,3,,5.5,,3.1666667,,,,,1.6666666,,9.1999998,,,,2.875,4.800000190734863,,2,,1,,3.833333253860474,,,1.5,5,,,,,7.5,7.8333335,,,,14,13,17,2025.1
2019,12,1,1,1201,CDU,35229,,,2019,,6,0,.875,.625,8.375,.75,2.25,5.125,5.8571429,2,2,2.375,5.25,.33333334,4.5,1.5,,.8571428656578064,,.8571428656578064,8.857142448425293,.625,4.25,,4.375,,,,,.7142857313156128,,2.375,4.75,1.6666666,1.8333334,5.1428571,2,5.5,,2,,7.166666507720947,,3.2857144,6,,,8.7142859,2.25,,,,,,,,,2.857142925262451,,1.3333334,,4.25,,2.799999952316284,3.5,,,1.75,2,6.5714288,7.7142859,7.625,8.375,,,,,,2025.1
2024,12,1,1,1201,CDU,35229,3.2,4,2024,4.099999904632568,6,,1.181818127632141,.6000000238418579,8.363636,1,1.125,3.5,5.4000001,1.1666666,3.6666667,2,6.2727275,1.8,1.75,.800000011920929,,1.166666626930237,,1.100000023841858,9.125,,2.166666746139526,,,,2.2,3.8,2.3333333,.6666666865348816,,3,4.545454502105713,1.4444444,2.875,4.7777777,,4.75,,2.75,,5,,4.4000001,5.3333335,4,4.4000001,7.75,3.2,,,,,,,,,1,,,,,,,2.25,,7,,.5714286,4.25,7.1666665,8.5,,4,3.2,,,,2025.1
1999,12,1,1,1202,CDS-PP,35520,8.300000000000001,6.5,1999,8.199999809265137,2,0,8.199999809265137,8.199999809265137,,,,8.399999618530273,,,,4,5.5,3,,,,,,,,,,,,,,,,,,,,,,,,,,,,,,,,,,,,,,,,,,2.75,4,,4,,,5,4.666666507720947,3.666666746139526,2.75,,,,,,,,,,,,,,2025.1
2002,12,1,1,1202,CDS-PP,35520,8.699999999999999,6.0999999,2002,8.199999809265137,2,.5,8.140000000000001,8.140000000000001,,,,9.140000000000001,,,,3.71,6.6666665,5.3666668,,,,,,,,,,,,,,,,,,,,,,,,,,,,,,,,,,,,,,,,,,3.33,,3,3.5,,5.57,6.5,4.58,3.17,3.33,,,,,,,,,,,,,,2025.1
2006,12,1,1,1202,CDS-PP,35520,7.3,5.1999998,2005,,2,1,7.2,8.300000000000001,,,,8.9,,,,5.3,5,3.5999999,,7.699999809265137,8.100000381469727,8,7.599999904632568,7.199999809265137,4.800000190734863,,8.100000381469727,7,9.100000381469727,6.300000190734863,,,,9.109999656677246,8.399999618530273,7.900000095367432,7.699999809265137,,7.75,,,7.2199998,6.1100001,6.570000171661377,6.860000133514404,7.429999828338623,5.429999828338623,,,,,,6.6300001,4.8899999,,,8,5.2199998,,5.22,,5.38,,,,6.44,,,4.63,3.29,,,,,,,,,,,,,2025.1
2010,12,1,1,1202,CDS-PP,35520,10.43,9.1000004,2009,8.359999656677246,2,0,8,8.166666984558105,,,,8.800000190734863,,,,5.5,6.1111107,2,,8.333333015441895,7.166666507720947,7,6.599999904632568,6.333333492279053,4.333333492279053,,9,7.666666507720947,9.166666984558105,5.199999809265137,,,,8.600000381469727,8,8.5,7.333333492279053,,7.8000002,5.5,,,,7.400000095367432,4.666666507720947,8,6.166666507720947,6.8000002,2.6666667,,,,6.4000001,3.2,2.6666667,2.3333333,,,1.1666666,4.199999809265137,,4.599999904632568,,,,6.5,,,5.199999809265137,4,,,,,,,,,,,,,2025.1
2014,12,1,1,1202,PP,35520,12.2,10.4,2011,4.3,2,1,8,7,8.5,,,7.333333492279053,3.3333333,,,6.125,6,2.2857144,,6.333333492279053,,7,,5.833333492279053,,7,6.833333492279053,,6.666666507720947,,,,,7.833333492279053,,8,,,7.1666665,,,7.1666665,,6.599999904632568,,6.5,,6.1666665,,,,,5.5999999,,3.2,,,,1.125,6,,5.666666507720947,,5.3333335,,6.166666507720947,,,5.666666507720947,3,,,,,.66666669,4.3333335,,,,13,5,17,2025.1
2019,12,1,1,1202,CDS-PP,35520,4.44,2.2,2019,6.65,2,0,8.5,8.5,8.125,3.5,1.75,8.875,7.1428571,2,1.3333334,5.875,6.125,5.6666665,3.5,7.25,,7.857142925262451,,6.857142925262451,6.428571224212646,8.25,7.625,,8.25,,,,,7.857142925262451,,7,5.857142925262451,4.1666665,5.8333335,5.4285712,3,7.1666665,,6.142857074737549,,6.666666507720947,,6.25,5.25,,,2.7142856,5,,,,,,,,,5.714285850524902,,4.5,,5.75,,3.599999904632568,4.5,,,.25,3.2857144,3.3333333,4.8571429,6.75,7,,,,,,2025.1
2024,12,1,1,1202,CDS-PP,35520,2.5,2,2024,4.760000228881836,2,,7.636363506317139,7.363636493682861,7.7272725,1.5,2.5,8.090909004211426,7.6999998,2.1666667,1.6666666,6.454545497894287,7.4545455,1.1666666,1.75,7.800000190734863,,5.833333492279053,,6.300000190734863,8,,7,,,,4.4000001,8.8000002,6.1666665,8.166666984558105,,7.363636493682861,7.272727489471436,1.625,8.4444447,5.5555553,,7.5,,8.25,,7.400000095367432,,5.5999999,5,5.8000002,3.4000001,5.25,6,,,,,,,,,5,,,,,,,4.25,,2,,1,2.75,.83333331,9,,6,2.8,,,,2025.1
1999,12,1,1,1205,PS,35311,44.1,50,1999,43.09999847412109,5,1,3.599999904632568,4.400000095367432,,,,3.200000047683716,,,,7,7.5,.99999994,,,,,,,,,,,,,,,,,,,,,,,,,,,,,,,,,,,,,,,,,,5.5,6.333333492279053,,6.333333492279053,,,6.75,7,6,6.75,,,,,,,,,,,,,,2025.1
2002,12,1,1,1205,PS,35311,37.8,41.700001,2002,43.09999847412109,5,.5,4,3.86,,,,3.43,,,,6.86,8.5666666,1.8555557,,,,,,,,,,,,,,,,,,,,,,,,,,,,,,,,,,,,,,,,,,5.5,,5.5,6,,5.71,6.83,5.83,6,6.5,,,,,,,,,,,,,,2025.1
2006,12,1,1,1205,PS,35311,45,52.599998,2005,44.5,5,0,4.3,4.8,,,,3.8,,,,6.9,7.3333335,2.2,,3.700000047683716,7.699999809265137,5.400000095367432,6.099999904632568,3.299999952316284,6,,4.5,5.099999904632568,3.700000047683716,5.199999809265137,,,,3.329999923706055,4.599999904632568,4.900000095367432,6,,4.1300001,,,3.4400001,3.6700001,3.430000066757202,5.710000038146973,4,4.139999866485596,,,,,,2.75,5.5599999,,,4.8000002,4.5599999,,6.22,,5.78,,,,6.78,,,6.25,5.75,,,,,,,,,,,,,2025.1
2010,12,1,1,1205,PS,35311,36.56,42.200001,2009,26.53000068664551,5,1,4.166666507720947,4,,,,2.333333253860474,,,,7,8.333333,1.5,,2.666666746139526,7.833333492279053,4,4.599999904632568,3,6.333333492279053,,3.5,5.833333492279053,1.5,6,,,,2.200000047683716,4.199999809265137,4.333333492279053,3.666666746139526,,2.5999999,3.5,,,,2.75,2.200000047683716,3.25,3.200000047683716,4.5,3.5,,,,3.5,4.3333335,3,2.6666667,,,1,6,,6.400000095367432,,,,7,,,6,5.25,,,,,,,,,,,,,2025.1
2014,12,1,1,1205,PS,35311,29.2,32.200001,2011,34,5,0,4.5,4.666666507720947,9.333333,,,3.166666746139526,3.5,,,6.375,8.125,3.7142856,,3.833333253860474,,4,,3.333333253860474,,3.6666667,3.833333253860474,,3.166666746139526,,,,,3.333333253860474,,4,,,3.8,,,4.1666665,,4,,4.666666507720947,,4.6666665,,,,,4.8333335,,4,,,,1,6.199999809265137,,6,,4.3333335,,6.5,,,5.833333492279053,4.666666507720947,,,,,2,5.5,,,,13,17,14,2025.1
2019,12,1,1,1205,PS,35311,38.21,47.599998,2019,35.86,5,1,4.125,4,8.75,4.5,2.5,4.375,5.7142859,3,3.3333333,6.75,7.875,3,1.75,4.125,,5,,3.857142925262451,7.142857074737549,4.625,4.5,,2.875,,,,,2.571428537368774,,3.875,5.125,3,3.1666667,5.1428571,2.8,3,,2.714285612106323,,4.333333492279053,,4.375,5.75,,,4.2857141,3.625,,,,,,,,,6.428571224212646,,5.1666665,,6,,4.666666507720947,5,,,.5,2.5714285,2.8571429,2.8571429,5.875,6.75,,,,,,2025.1
2024,12,1,1,1205,PS,35311,28,78,2024,32.09999847412109,5,,4.181818008422852,4.181818008422852,8.454545,2.5,2.5,2.818181753158569,5.3000002,2,3,7,9.090909,1,.5,2.599999904632568,,2.166666746139526,,2.5,8.75,,1.833333373069763,,,,1.8,.80000001,1.5,2,,2.454545497894287,5.454545497894287,2.6666667,2.7777777,4.6666665,,1.5,,3,,4.199999809265137,,4,6.3333335,1.4,6.1999998,4,3.2,,,,,,,,,6,,,,,,,5.75,,5,,.42857143,2.75,1.3333334,8.5,,4,3.8,,,,2025.1
1999,12,1,1,1206,PSD,35313,32.3,35.200001,1999,31.10000038146973,3,0,5.599999904632568,6,,,,6.800000190734863,,,,6.599999904632568,7.5,1.5,,,,,,,,,,,,,,,,,,,,,,,,,,,,,,,,,,,,,,,,,,4.75,5.333333492279053,,5.666666507720947,,,6.400000095367432,6.666666507720947,5.333333492279053,5.5,,,,,,,,,,,,,,2025.1
2002,12,1,1,1206,PSD,35313,40.2,45.700001,2002,31.10000038146973,3,.5,6.43,7.29,,,,7,,,,6.43,8.5666666,2.4111111,,,,,,,,,,,,,,,,,,,,,,,,,,,,,,,,,,,,,,,,,,5.17,,5.33,5,,5.71,6.83,5.42,5.17,5.83,,,,,,,,,,,,,,2025.1
2006,12,1,1,1206,PSD,35313,28.8,32.599998,2005,33.29999923706055,3,1,6.7,7,,,,7,,,,6.6,6.3333335,3,,6.199999809265137,7.400000095367432,7,6.800000190734863,5.599999904632568,5.699999809265137,,6.400000095367432,5.599999904632568,6.599999904632568,5,,,,6.21999979019165,5.5,6,6,,5.6300001,,,5,3.78,5.139999866485596,5,5.429999828338623,4.289999961853027,,,,,,5.25,5.2199998,,,6.4000001,4.8899999,,6,,6.11,,,,6.78,,,5.63,4.71,,,,,,,,,,,,,2025.1
2010,12,1,1,1206,PSD,35313,29.11,35.200001,2009,31.70999908447266,3,0,6.666666507720947,7,,,,6.833333492279053,,,,6.666666507720947,6.1111107,2.1666667,,7.5,6.833333492279053,6,6.199999809265137,5.5,5.333333492279053,,5.5,4.833333492279053,6.5,3.599999904632568,,,,6,4,6,3.833333253860474,,5.1999998,2.5,,,,5,2,5.199999809265137,3.5,6.1666665,2.6666667,,,,4.1666665,3.3333333,3.1666667,2.3333333,,,1,5.599999904632568,,6.599999904632568,,,,7,,,5.833333492279053,5,,,,,,,,,,,,,2025.1
2014,12,1,1,1206,PSD,35313,40.3,47,2011,25.7,3,1,6.666666507720947,7.833333492279053,9.166667,,,5.666666507720947,3.5,,,6.875,7.625,3.1428571,,7.166666507720947,,8.166666984558105,,6.166666507720947,,7.1666665,5.333333492279053,,5.166666507720947,,,,,6,,6.800000190734863,,,5.5,,,5.8333335,,6.199999809265137,,4.833333492279053,,5.8333335,,,,,5.4000001,,3,,,,1,6,,6.5,,5.3333335,,6.5,,,6,4.333333492279053,,,,,.5,4.8333335,,,,5,13,17,2025.1
2019,12,1,1,1206,PSD,35313,29.19,34.799999,2019,23.6,3,0,6.375,6.5,8.5,5,3.75,7,6,3.6666667,3.3333333,6.75,7.375,5.6666665,2,6.5,,7,,6.285714149475098,6.857142925262451,6.75,6.5,,6.5,,,,,6.428571224212646,,5.375,5.25,2.6666667,5.3333335,4.8571429,2.5999999,5.5,,4.857142925262451,,4.5,,5.75,6,,,3.2857144,4,,,,,,,,,6.571428775787354,,5,,5.75,,4.666666507720947,5,,,.25,2.5714285,2.7142856,2.8571429,6.5,6.625,,,,,,2025.1
2024,12,1,1,1206,PPD/PSD,35313,28.8,78,2024,26.29999923706055,3,,6.909090995788574,6.727272510528564,8.818182,3,2.625,6.727272510528564,6.5,3.5,3.3333333,7,8.909091,1,.75,8,,5.833333492279053,,5,8.375,,6,,,,3.2,5.5999999,4.5,5.833333492279053,,6,6.909090995788574,3.2222223,6.1111112,5.6666665,,4.5,,6.75,,6,,4.5999999,6.6666665,2.8,4.8000002,3,4,,,,,,,,,6.5,,,,,,,5.5,,2.3333333,,.71428573,2.25,1,9,,5,2.2,,,,2025.1
1999,12,1,1,1208,BE,35211,2.4,.89999998,1999,1.789999961853027,6,0,2.5,2.5,,,,2.5,,,,2.5,4.375,3.333333,,,,,,,,,,,,,,,,,,,,,,,,,,,,,,,,,,,,,,,,,,4.5,5,,6,,,5,7,6,3.5,,,,,,,,,,,,,,2025.1
2006,12,1,1,1208,BE,35211,6.4,3.5,2005,4.900000095367432,6,0,1.4,1.2,,,,.9,,,,4,5.333333,2.5,,.6000000238418579,8.699999809265137,.6000000238418579,7.599999904632568,.699999988079071,9,,1.799999952316284,8,.5,8.800000190734863,,,,1.330000042915344,5.699999809265137,.8999999761581421,7.75,,.77999997,,,1.4400001,5.2199998,.8600000143051147,8.289999961853027,2.130000114440918,5.429999828338623,,,,,,3,5.1100001,,,.60000002,8.4399996,,5.22,,3.22,,,,6.22,,,2.56,5.29,,,,,,,,,,,,,2025.1
2010,12,1,1,1208,BE,35211,9.81,7,2009,10.72000026702881,6,0,1.166666746139526,1,,,,.1666666269302368,,,,3.666666746139526,5.5555558,1.8333334,,.5,8,.5,6.599999904632568,.1666666716337204,9.166666984558105,,.5,6.833333492279053,0,9.199999809265137,,,,.2000000029802322,4,.3333333432674408,7,,.60000002,6,,,,.6000000238418579,5.666666507720947,1.600000023841858,5,2,4.8333335,,,,4.4000001,2.8,7,3.3333333,,,2,5.599999904632568,,3.400000095367432,,,,6.166666507720947,,,4.166666507720947,5,,,,,,,,,,,,,2025.1
2014,12,1,1,1208,BE,35211,5.4,3.5,2011,4.9,6,0,1.333333373069763,.6666666865348816,9.166667,,,.6666666865348816,4.6666665,,,3.125,6.875,3.5714285,,2.333333253860474,,.5,,.5,,.5,1,,2,,,,,.3333333432674408,,.800000011920929,,,.83333331,,,1.5,,1.399999976158142,,4.333333492279053,,1.5,,,,,2.4000001,,9.1999998,,,,2.375,5.666666507720947,,3.333333253860474,,1.3333334,,4.166666507720947,,,2.166666746139526,5.333333492279053,,,,,7.5,8,,,,13,14,19,2025.1
2019,12,1,1,1208,BE,35211,10.01,8.3999996,2019,10.6,6,0,.875,1,8.5,3.75,2.25,1.75,7.2857141,2,1,3.75,5.5,1,4.75,1.875,,1.428571462631226,,1.428571462631226,9,1.625,2.5,,1.25,,,,,.7142857313156128,,1.5,6,2.1666667,1.8333334,5.8571429,2,2.1666667,,.7142857313156128,,3.166666746139526,,2.625,7.75,,,7.2857141,2.6666667,,,,,,,,,3.571428537368774,,1.8333334,,4.25,,3.166666746139526,3.5,,,1,2,7,7.2857141,8.25,5.375,,,,,,2025.1
2024,12,1,1,1208,BE,35211,4.4,5,2024,4.300000190734863,6,,1.363636374473572,1.272727251052856,7.818182,2,2.875,.7272727489471436,7.4000001,1.3333334,3,3.636363744735718,6.5454545,2.5,5.5,1,,.1666666716337204,,.699999988079071,9.25,,.6666666865348816,,,,.60000002,0,.66666669,.3333333432674408,,1.363636374473572,6.181818008422852,1.2222222,1.2222222,6.3333335,,1,,1.75,,3.200000047683716,,3.4000001,7,1,7.5999999,8,2.8,,,,,,,,,2.5,,,,,,,2.5,,8.333333,,.42857143,4.5,7.5,8,,3,3,,,,2025.1
2014,12,1,1,1209,MPT,,.4,0,2011,7.7,7,0,6.75,7,8,,,6.333333492279053,3.8,,,3.400000095367432,4.7142859,2.5,,4.333333492279053,,4.333333492279053,,3,,7,2.666666746139526,,8,,,,,7,,7,,,7.5,,,6.6666665,,8,,6.333333492279053,,.5,,,,,5,,6,,,,1.75,5,,5.5,,3,,6,,,4,4,,,,,8,7.6666665,,,,1,3,6,2025.1
2019,12,1,1,1210,PCP,,5.55,4.4000001,2019,7.41,6,0,.875,.75,8.25,.75,2.25,5.125,5.8571429,2.3333333,1.6666666,2.75,5.375,.33333334,3,1.625,,.8571428656578064,,.8571428656578064,8.857142448425293,.875,4.125,,4.375,,,,,.8571428656578064,,2.285714387893677,4.875,1.5,2,5.1428571,2.2,5.5,,2,,7.166666507720947,,3.1428571,5.75,,,8.8571424,2.1428571,,,,,,,,,3,,1.3333334,,4.25,,2.599999904632568,3.166666746139526,,,2.25,1.8571428,6.8571429,7.4285712,7.625,8.375,,,,,,2025.1
2019,12,1,1,1211,PEV,,1.11,.89999998,2019,0,7,0,1.142857193946838,1.285714268684387,7.1428571,.66666669,2,4.875,7,1.5,1,3,5.5714288,.33333334,5,2.285714387893677,,1.166666626930237,,1.166666626930237,7.5,1.2857143,4.428571224212646,,3.571428537368774,,,,,.8333333134651184,,2.142857074737549,4.428571224212646,1.8,2,4.8571429,2,4.8000002,,1.5,,7,,2.1428571,8.375,,,8.333333,2.7142856,,,,,,,,,3.666666746139526,,2,,4.285714149475098,,2.799999952316284,3.333333253860474,,,1.5,2,6.8333335,7.3333335,8,7.3333335,,,,,,2025.1
2019,12,1,1,1250,PAN,,3.49,1.8,2019,5.46,7,0,3.428571462631226,3.833333253860474,5.25,1,6,4,7.3333335,1.3333334,3,4.166666507720947,4.1428571,4,6.6666665,3.200000047683716,,4,,2.799999952316284,4.666666507720947,3.5,3.833333253860474,,3.142857074737549,,,,,1,,3.200000047683716,2.833333253860474,2.5,2.5,3.5999999,2.5,3,,2.5,,5.199999809265137,,2,8.5714283,,,6,4,,,,,,,,,5.25,,2.6666667,,5.714285850524902,,4.333333492279053,5.25,,,.33333334,.60000002,7.3333335,7.6666665,7.5714288,7,,,,,,2025.1
2024,12,1,1,1250,PAN,,2,1,2024,1.210000038146973,7,,3.400000095367432,3.400000095367432,5.3000002,7,4.7142859,1.666666626930237,7.2222223,3.25,3,6.125,6.375,2,2.5,3.666666746139526,,1,,2.625,6.5,,1.666666626930237,,,,1.6,.75,1.5,.3333333432674408,,2.625,3.777777671813965,1.4,1.8333334,4.6666665,,2.25,,1.333333373069763,,5.5,,4.25,7,.40000001,9,7.25,3.75,,,,,,,,,3.5,,,,,,,4,,8,,.5714286,4,4.5,7,,2.5,1,,,,2025.1
2024,12,1,1,1251,L,,3.2,4,2024,3.759999990463257,7,,3.299999952316284,3.400000095367432,7,2,3.1428571,1.333333373069763,7.5555553,2.8333333,3,6.5,8.333333,2,.66666669,2,,.5,,2.299999952316284,8.857142448425293,,.800000011920929,,,,1.4,0,1,.5,,2.5,5.800000190734863,1.8571428,1.875,6.5,,1.75,,1.666666626930237,,2.599999904632568,,4,7.6666665,1,8.3999996,5.3333335,3.25,,,,,,,,,3,,,,,,,5,,8,,.42857143,5,4,7.5,,1.25,.66666669,,,,2025.1
2024,12,1,1,1252,IL,,4.9,8,2024,8.199999809265137,3,,6.909090995788574,8.090909004211426,9.090909,1.5,1.5,3.363636255264282,6.3333335,1.8333334,3,6.099999904632568,6.2727275,2.3333333,1.25,9,,9.166666984558105,,7.900000095367432,7.75,,.5,,,,2.4000001,1,3,1.600000023841858,,3.555555582046509,5.300000190734863,2,4,3.7777777,,2.25,,3.5,,2.5,,4.5,4.6666665,5.8000002,3,2,3.6666667,,,,,,,,,7,,,,,,,4.5,,2,,.71428573,2,3.4000001,8.5,,3,.75,,,,2025.1
2024,12,1,1,1253,Chega,,18.1,50,2024,9.800000190734863,1,,9.272727012634277,8.090909004211426,5.7272725,3.5,6.5,9.636363983154297,9.3000002,2.3333333,5,3.272727251052856,4.5454545,1.8333334,6.25,7.800000190734863,,6.75,,6.599999904632568,6.625,,10,,,,7,10,8.833333,8,,9.727272987365723,9.600000381469727,.55555558,9.7777777,9,,9.25,,9,,6,,5.5,5,7.8000002,3,7,8,,,,,,,,,2.5,,,,,,,1.75,,2.6666667,,7.7142859,4.75,10,9,,7.5999999,4.5,,,,2025.1
1999,13,1,1,1301,SPO,42320,33.2,35.5,1999,31.70999908447266,5,0,4,4.199999809265137,,,,4,,,,6.599999904632568,5.5,2.5,,,,,,,,,,,,,,,,,,,,,,,,,,,,,,,,,,,,,,,,,,5.5,5.333333492279053,,6.800000190734863,,,5.5,5.599999904632568,5,5,,,,,,,,,,,,,,2025.1
2002,13,1,1,1301,SPO,42320,36.5,37.700001,2002,31.70999908447266,5,0,3.75,3.44,,,,3.38,,,,6.38,6.6666665,3.6111112,,,,,,,,,,,,,,,,,,,,,,,,,,,,,,,,,,,,,,,,,,5.63,,5,6.43,,4.14,5.75,5.75,5.57,5.13,,,,,,,,,,,,,,2025.1
2006,13,1,1,1301,SPO,42320,35.3,37.200001,2006,33.29999923706055,5,0,3.38,2.83,,,,3.5,,,,6,6.6666665,4,,2,7.5,2.829999923706055,5,2.170000076293945,7.329999923706055,,3.670000076293945,5.829999923706055,3.5,4.670000076293945,,,,2.170000076293945,3.5,5.329999923706055,5.829999923706055,,4,,,4.1700001,4.8299999,3.670000076293945,3.829999923706055,1.830000042915344,5.670000076293945,,,,,,6.6700001,3.5,,,2.8299999,4.1700001,,5.33,,4.33,,,,5.5,,,4.17,2.33,,,,,,,,,,,,,2025.1
2010,13,1,1,1301,SPO,42320,29.26,31.1,2008,23.73999977111816,5,1,3.357142925262451,2.642857074737549,,,,3.928571224212646,,,,5.285714149475098,5.7142854,3.5384614,,2.928571462631226,6.428571224212646,3,5.5,3.071428537368774,6.428571224212646,,4,5.071428775787354,3.5,4.571428775787354,,,,3,3.285714387893677,5.214285850524902,6.142857074737549,,5.1428571,6.3571429,,,,4.071428775787354,5.230769157409668,3.285714387893677,4.714285850524902,4.9285712,4.7857141,,,,6.2142859,4.5,5.1538463,4.2857141,,,1.0714285,5.357142925262451,,4.571428775787354,,,,5.928571224212646,,,5,3,,,,,,,,,,,,,2025.1
2014,13,1,1,1301,SPO,42320,26.8,28.4,2013,24.1,5,1,3.900000095367432,2.799999952316284,7.0999999,,,4,4.0999999,,,6,4.1999998,2.8,,2.599999904632568,,2.299999952316284,,1.799999952316284,,1.8888888,3.700000047683716,,3.444444417953491,,,,,2,,4.44444465637207,,,4.6999998,,,4.0999999,,4,,3.200000047683716,,4.9000001,,,,,5.6999998,,5.4000001,,,,1.1,5.599999904632568,,5.099999904632568,,4.3333335,,5.111111164093018,,,5.333333492279053,2.888888835906982,,,,,2.3,2.5999999,,,,14,13,17,2025.1
2019,13,1,1,1301,SPO,42320,21.2,21.9,2019,23.9,5,0,4,3.599999904632568,6.9000001,3.375,5.5,3.799999952316284,4,3,5.125,6.099999904632568,5.5999999,3.5,3.625,2.5,,2.700000047683716,,2.400000095367432,8.300000190734863,2.7,4.300000190734863,,2.400000095367432,,,,,2.444444417953491,,4.699999809265137,4.599999904632568,6.4000001,4.0999999,4.6999998,5.5,3.9000001,,3.900000095367432,,3.333333253860474,,4.9000001,4.9000001,,,5.5555553,6,,,,,,,,,4.888888835906982,,4.5555553,,4.833333492279053,,4.800000190734863,5.333333492279053,,,2.4285715,2.2,3.3,2.2,5,7.5555553,,,,,,2025.1
2024,13,1,1,1301,SPO,42320,21.1,41,2024,23.21999931335449,5,,3.166666746139526,2.75,8.166667,5.1428571,2.5999999,4.083333492279053,4,5.1666665,3.1666667,6.083333492279053,5.0833335,3.1666667,4.1666665,2.666666746139526,,2.333333253860474,,3,7.833333492279053,,4.5,,,,2.125,1.8,3,1.428571462631226,,5.083333492279053,4.833333492279053,6.0833335,5,5.1666665,,3.8571429,,3.799999952316284,,3.400000095367432,,4.1666665,5,4.8333335,4.1666665,6.2222223,4.3333335,,,,,,,,,4.666666507720947,,,,,,,3.666666746139526,,6,,3,2.4000001,3.8571429,5.4000001,,4,2.5999999,,,,2025.1
1999,13,1,1,1302,OVP,42520,26.9,28.4,1999,30.67000007629395,4,1,6.199999809265137,6.199999809265137,,,,6.5,,,,6.800000190734863,5.5,.99999994,,,,,,,,,,,,,,,,,,,,,,,,,,,,,,,,,,,,,,,,,,6,5.666666507720947,,4.800000190734863,,,5.666666507720947,5.199999809265137,5,6.400000095367432,,,,,,,,,,,,,,2025.1
2002,13,1,1,1302,OVP,42520,42.3,43.200001,2002,23.39999961853027,4,1,7,7.56,,,,8.25,,,,6.88,8.7666674,.97777778,,,,,,,,,,,,,,,,,,,,,,,,,,,,,,,,,,,,,,,,,,5.5,,5,5.14,,6.29,6,5.38,6.29,6.5,,,,,,,,,,,,,,2025.1
2006,13,1,1,1302,OVP,42520,34.3,36.099998,2006,32.70000076293945,4,1,7,6.83,,,,7.67,,,,6.5,9.166667,1.86,,6.829999923706055,7,7.170000076293945,6,6.829999923706055,6,,7.170000076293945,7.170000076293945,7.670000076293945,5.829999923706055,,,,8,6.829999923706055,8.329999923706055,7.670000076293945,,8.3299999,,,6,5.3299999,6.829999923706055,5.670000076293945,8.5,7.329999923706055,,,,,,4.1700001,4.8299999,,,5.6700001,5,,5.17,,6.4,,,,5.5,,,6.33,3,,,,,,,,,,,,,2025.1
2010,13,1,1,1302,OVP,42520,25.98,27.9,2008,29.97999954223633,4,1,7.071428298950195,6.857142925262451,,,,7.214285850524902,,,,6.428571224212646,6.4285717,2.4285715,,7.142857074737549,6.5,7,6.714285850524902,6.714285850524902,5.571428775787354,,7.285714149475098,6.928571224212646,7.214285850524902,5.714285850524902,,,,7.785714149475098,6.785714149475098,8.071428298950195,7.928571224212646,,8.0714283,7.7857141,,,,6.071428775787354,5.538461685180664,7.214285850524902,6.571428775787354,6.6428571,4.8571429,,,,3.2142856,6.1428571,4.0769229,4.7857141,,,1,5.714285850524902,,6.571428775787354,,,,6.214285850524902,,,6.142857074737549,2.714285612106323,,,,,,,,,,,,,2025.1
2014,13,1,1,1302,OVP,42520,24,25.700001,2013,27,4,1,6.099999904632568,6.400000095367432,7.5999999,,,7.199999809265137,5.3000002,,,6.699999809265137,5.6999998,1.9,,6.199999809265137,,5.599999904632568,,6.300000190734863,,5.6666665,6,,6.777777671813965,,,,,7.599999904632568,,6.111111164093018,,,7,,,6.1999998,,5.900000095367432,,8,,5.8000002,,,,,3.5,,5,,,,1,5.800000190734863,,6.400000095367432,,4.5555553,,5.888888835906982,,,5.900000095367432,2.5,,,,,1.6,2.4000001,,,,13,5,18,2025.1
2019,13,1,1,1302,OVP,42520,37.5,38.799999,2019,34.6,4,.5,6.900000095367432,6.900000095367432,6.9000001,2.75,4.5,7.099999904632568,5.5,1.5,3.75,5,5.0999999,6.5,4.5,7.900000095367432,,7.300000190734863,,6.199999809265137,5.400000095367432,7,7.900000095367432,,6.199999809265137,,,,,7.55555534362793,,8.600000381469727,8.899999618530273,3.5999999,8.1000004,8.8000002,2.3,7.3000002,,6.900000095367432,,7.888888835906982,,7.0999999,3.8,,,4.1111112,4.1428571,,,,,,,,,6.222222328186035,,3.2222223,,4.666666507720947,,1.899999976158142,3.888888835906982,,,2,6.6999998,4.0999999,3,4,9,,,,,,2025.1
2024,13,1,1,1302,OVP,42520,26.3,51,2024,24.52000045776367,4,,7.166666507720947,7,7.8333335,3.7142856,3,7.25,6,2.8333333,3.5,5,5.9166665,3.3333333,5.3333335,7.666666507720947,,6.666666507720947,,6,4.25,,8.5,,,,5.25,6.5999999,7.1428571,6.571428775787354,,8.25,7.416666507720947,2.75,8.25,6.9166665,,6.5714288,,6,,8.399999618530273,,6.3333335,5.5,6,3.3333333,4.8888888,1.3333334,,,,,,,,,5,,,,,,,4.25,,4.25,,7.3333335,2.8,2.8571429,2.5999999,,5.5,4.8000002,,,,2025.1
1999,13,1,1,1303,FPO,42420,26.9,28.4,1999,23.39999961853027,1,1,7.900000095367432,6.400000095367432,,,,7.099999904632568,,,,2.599999904632568,5,2.5,,,,,,,,,,,,,,,,,,,,,,,,,,,,,,,,,,,,,,,,,,5.5,1.5,,3.5,,,2.25,4.25,2,4,,,,,,,,,,,,,,2025.1
2002,13,1,1,1303,FPO,42420,10,9.8000002,2002,30.67000007629395,1,1,8.630000000000001,7.31,,,,9,,,,2.63,7.9333339,7.5,,,,,,,,,,,,,,,,,,,,,,,,,,,,,,,,,,,,,,,,,,2.71,,3,3,,3.86,5,4.13,4,3.63,,,,,,,,,,,,,,2025.1
2006,13,1,1,1303,FPO,42420,11,11.5,2006,6.300000190734863,1,0,9.67,4.83,,,,9.67,,,,1.75,6.2666669,1.29,,5.670000076293945,6.5,5.670000076293945,3.329999923706055,2.670000076293945,5.5,,9,7.829999923706055,9.5,7.329999923706055,,,,5.170000076293945,5.5,9.829999923706055,9.670000076293945,,9.8299999,,,9.8299999,9.6700001,9.829999923706055,7.829999923706055,6.329999923706055,5.5,,,,,,6.1700001,4.1700001,,,1.33,5.3299999,,1.83,,3,,,,3.8,,,2.83,1,,,,,,,,,,,,,2025.1
2010,13,1,1,1303,FPO,42420,17.54,18.6,2008,12.71000003814697,1,0,8.928571701049805,5,,,,8.714285850524902,,,,1.928571462631226,7.3809519,2.2857144,,5.571428775787354,5.5,5.071428775787354,5.285714149475098,4.857142925262451,5.142857074737549,,8.714285850524902,8.571428298950195,8.214285850524902,6.571428775787354,,,,7,6.5,9.5,9.785714149475098,,9.5714283,9.5714283,,,,8.928571701049805,8,4.571428775787354,5.071428775787354,6.6428571,3.5,,,,4.5,4.2857141,6,4.5,,,2.9285715,3.357142925262451,,2.642857074737549,,,,3.428571462631226,,,2.357142925262451,1.071428537368774,,,,,,,,,,,,,2025.1
2014,13,1,1,1303,FPO,42420,20.5,21.9,2013,19.7,1,0,8.699999809265137,5.5,5,,,8.800000190734863,7,,,1.899999976158142,6.6999998,1.7,,5.599999904632568,,5.199999809265137,,4.699999809265137,,4.8888888,8.5,,8.888889312744141,,,,,6.300000190734863,,9.888889312744141,,,9.8999996,,,9.3999996,,8.800000190734863,,4.900000095367432,,6,,,,,5.4444447,,7.5,,,,2.9000001,2.799999952316284,,2.599999904632568,,1.4444444,,2.888888835906982,,,1.799999952316284,1,,,,,8,5.0999999,,,,9,1,12,2025.1
2019,13,1,1,1303,FPO,42420,16.2,16.9,2019,17.2,1,0,9.100000381469727,6.5,4.1999998,2.875,7,8.899999618530273,7.6999998,.5,1.75,2.299999952316284,6.3000002,2.5,4.25,6.699999809265137,,6.099999904632568,,5.599999904632568,5.900000095367432,6.5,9.399999618530273,,8.399999618530273,,,,,5.888888835906982,,9.800000190734863,9.699999809265137,.5,9.8999996,9.8999996,.5,9.8999996,,9.100000381469727,,6.333333492279053,,8.3999996,3.0999999,,,6.1111112,5.7142859,,,,,,,,,3.222222328186035,,1.4444444,,2.833333253860474,,1,1.777777791023254,,,3.875,9.3000002,8.1999998,7.5999999,4.8000002,8.666667,,,,,,2025.1
2024,13,1,1,1303,FPO,42420,28.8,57,2024,25.36000061035156,1,,9.333333015441895,6.583333492279053,5.3333335,2.5714285,6,9.5,8.833333,1,.83333331,1.916666626930237,6.5833335,2.3333333,3,7.333333492279053,,6.125,,5,3.916666746139526,,10,,,,7.625,8.3999996,8.7142859,6.857142925262451,,9.833333015441895,10,.33333334,10,9.166667,,10,,9.199999809265137,,7.599999904632568,,8,6,8.666667,3,8.5555553,4,,,,,,,,,2.333333253860474,,,,,,,1,,9.25,,9,9,9.5714283,5.1999998,,7.8333335,7.5999999,,,,2025.1
1999,13,1,1,1304,Grune,42110,7.4,7.6999998,1999,9.289999961853027,7,0,2.900000095367432,3,,,,2,,,,5.300000190734863,5,3.5000002,,,,,,,,,,,,,,,,,,,,,,,,,,,,,,,,,,,,,,,,,,7,5,,6.199999809265137,,,6,6.300000190734863,6.333333492279053,4,,,,,,,,,,,,,,2025.1
2002,13,1,1,1304,Grune,42110,9.5,9.3000002,2002,9.289999961853027,7,0,2.83,2.83,,,,1.38,,,,6.13,7.1000004,3.2,,,,,,,,,,,,,,,,,,,,,,,,,,,,,,,,,,,,,,,,,,6.25,,4.86,6.14,,4,5.88,6.88,6,5.13,,,,,,,,,,,,,,2025.1
2006,13,1,1,1304,Grune,42110,11.1,11.5,2006,12.89999961853027,7,0,2.17,2.6,,,,.83,,,,6.13,5.8333335,4,,1.669999957084656,7.329999923706055,2.329999923706055,5.670000076293945,1.5,7.170000076293945,,.8299999833106995,8.170000076293945,.1700000017881393,8.5,,,,.6700000166893005,4.170000076293945,1,9,,.67000002,,,1.67,8.6700001,.5,6.829999923706055,3,6.170000076293945,,,,,,3.6700001,3.8299999,,,1,5.8299999,,6,,3.5,,,,5.6,,,4.17,5.17,,,,,,,,,,,,,2025.1
2010,13,1,1,1304,Grune,42110,10.43,10.9,2008,9.930000305175781,7,0,2.285714387893677,2.214285612106323,,,,1.5,,,,6.071428775787354,5.9523811,2.5384614,,2,6.714285850524902,2.357142925262451,5.5,2,6.285714149475098,,1.714285731315613,7.428571224212646,.8571428656578064,8.071428298950195,,,,1.857142806053162,3.714285612106323,1.5,7.928571224212646,,1.6428572,7.8571429,,,,1.857142806053162,8.076923370361328,3,5.571428775787354,1.1428572,8.5714283,,,,4.2142859,4.7857141,6.2307692,5.1428571,,,1.2142857,6.307692527770996,,5,,,,6.166666507720947,,,5.285714149475098,5.357142925262451,,,,,,,,,,,,,2025.1
2014,13,1,1,1304,Grune,42110,12.4,13.1,2013,14.5,7,0,3,2.799999952316284,5.4000001,,,1.700000047683716,7.3000002,,,6.5,5.1999998,2.4000001,,2.5,,3.200000047683716,,2.099999904632568,,2.7777777,1.799999952316284,,.8888888955116272,,,,,1.100000023841858,,1.666666626930237,,,1.8,,,1.6,,1.399999976158142,,2.799999952316284,,1.6,,,,,4.4000001,,5.5999999,,,,1,6.099999904632568,,5.099999904632568,,4.5555553,,5.666666507720947,,,5.599999904632568,4.099999904632568,,,,,4.8000002,8.1000004,,,,6,3,14,2025.1
2019,13,1,1,1304,Grune,42110,13.9,14.2,2019,14.1,7,.5,2.5,2.5,4.6999998,2.5,3.5,1.399999976158142,6.8000002,.5,1.5,6.5,6.8000002,2,1.625,2.5,,2.400000095367432,,2.5,6.400000095367432,2.7,2.099999904632568,,.5,,,,,1.111111164093018,,2.700000047683716,6.099999904632568,2.5999999,1.4,6,1.9,1.3,,1.600000023841858,,2.444444417953491,,1.5,10,,,5.8888888,5,,,,,,,,,5,,5.2222223,,4.666666507720947,,5.900000095367432,5.44444465637207,,,2.875,1.4,6,3.3,7.4000001,4.7777777,,,,,,2025.1
2024,13,1,1,1304,Grune,42110,8.199999999999999,16,2024,11.07999992370605,7,,2.666666746139526,2.666666746139526,5.0833335,2.7142856,2.2,1.583333373069763,5.5,1.3333334,1.6666666,6.416666507720947,6.75,2.6666667,2.1666667,2,,3.222222328186035,,3.333333253860474,5.727272510528564,,2.75,,,,.5,0,0,.8571428656578064,,3.083333253860474,5.166666507720947,2.4166667,2.75,5.4166665,,.42857143,,1,,3.200000047683716,,1.6666666,10,.16666667,8.333333,5.8888888,5,,,,,,,,,5,,,,,,,4.25,,3.75,,1,3.4000001,1.7142857,8.3999996,,3,.2,,,,2025.1
1999,13,1,1,1306,LIF,42421,3.7,0,1999,2.660000085830688,3,0,4.599999904632568,7.599999904632568,,,,1.799999952316284,,,,7,6,.99999994,,,,,,,,,,,,,,,,,,,,,,,,,,,,,,,,,,,,,,,,,,6.75,5.5,,3.333333253860474,,,5,5.75,6,6.25,,,,,,,,,,,,,,2025.1
2002,13,1,1,1306,LIF,42421,1,0,2002,2.660000085830688,3,0,4.6,7,,,,2.4,,,,6.67,5.333333,2.2222223,,,,,,,,,,,,,,,,,,,,,,,,,,,,,,,,,,,,,,,,,,5.5,,6.33,5,,1,3,,5.5,6,,,,,,,,,,,,,,2025.1
2006,13,1,1,1306,LIF,42421,,,2006,,3,0,4.4,7.5,,,,1.4,,,,6.4,6.0999999,1.67,,8.25,8.5,8.600000381469727,8.25,6.599999904632568,4.739999771118164,,.800000011920929,8.600000381469727,1,6,,,,2.5,4.75,1.200000047683716,5.5,,1.6,,,1.25,6,1.75,4,1.25,4.25,,,,,,3,4,,,4.3299999,3,,6.25,,6.25,,,,,,,6.33,5,,,,,,,,,,,,,2025.1
2014,13,1,1,1306,NEOS,42421,5,4.9000001,2013,8.1,3,0,6,7.599999904632568,7.0999999,,,2.900000095367432,6.5,,,6.300000190734863,4.8000002,2.2222223,,7.44444465637207,,8,,6.55555534362793,,7.7777777,2.599999904632568,,2,,,,,2.099999904632568,,4,,,3.3333333,,,2.7,,3,,2.599999904632568,,5,,,,,4.4444447,,6,,,,1.2222222,5.888888835906982,,6.199999809265137,,4.5714288,,4.857142925262451,,,5.888888835906982,3.5,,,,,6.1999998,7.0999999,,,,13,5,16,2025.1
2019,13,1,1,1306,NEOS,42421,8.1,8.1999998,2019,8.4,3,0,5.900000095367432,7.099999904632568,7.4000001,1.75,1.5,2.299999952316284,6.4000001,1.5,1.625,6.699999809265137,7.1999998,1.5,1.5,7.599999904632568,,8.100000381469727,,6.900000095367432,6.699999809265137,8,2.799999952316284,,1.600000023841858,,,,,1.555555582046509,,4.300000190734863,4.900000095367432,2.2222223,3.0999999,4.3000002,2.3333333,1.4,,2.5,,1.888888835906982,,5.4000001,5.4000001,,,2.7777777,6,,,,,,,,,6.777777671813965,,5.875,,4.333333492279053,,5.599999904632568,6.125,,,2.4285715,1.2,5.4444447,3.2,8,5.25,,,,,,2025.1
2024,13,1,1,1306,NEOS,42421,9.1,18,2024,10.14000034332275,3,,5.833333492279053,7.5,8.333333,1.8571428,1.8,2.25,5.3333335,1.8333334,1.5,6.916666507720947,8.166667,1.6666666,1.8333334,8,,9.111110687255859,,6.181818008422852,6.090909004211426,,3,,,,1.75,.2,1,1.285714268684387,,4.333333492279053,4.166666507720947,2.1818182,4.0833335,5.25,,1.1428572,,2.599999904632568,,2.599999904632568,,3.1666667,5.5,3.1666667,5.3333335,2,4.6666665,,,,,,,,,7,,,,,,,6.25,,1.25,,2,2.4000001,2.7142856,8.6000004,,3.3333333,0,,,,2025.1
2006,13,1,1,1307,BZO,42710,4.1,3.8,2006,,1,1,8.83,6,,,,8.83,,,,2.5,5.8333335,2.5699999,,6.170000076293945,6.329999923706055,6.329999923706055,3.5,3,5.5,,8.829999923706055,7.5,7.829999923706055,6.670000076293945,,,,4.5,5.170000076293945,9.5,9.170000076293945,,9.6700001,,,9.5,9.3299999,9.670000076293945,7.670000076293945,6.670000076293945,6,,,,,,5.3299999,5,,,2,5.1700001,,2.17,,3.5,,,,4.2,,,2.83,1,,,,,,,,,,,,,2025.1
2010,13,1,1,1307,BZO,42710,10.7,11.5,2008,4.579999923706055,1,0,8.285714149475098,7.285714149475098,,,,7.785714149475098,,,,2.428571462631226,5.6410255,2.8461537,,7.285714149475098,6.214285850524902,7.785714149475098,6.785714149475098,6.428571224212646,5.071428775787354,,7.714285850524902,7.5,7.357142925262451,6.428571224212646,,,,5.846153736114502,5.214285850524902,8.571428298950195,8.642857551574707,,8.7857141,8.5,,,,8.071428298950195,7.07692289352417,4.615384578704834,4.571428775787354,7.2142859,3.5714285,,,,4.5454545,4.7692308,6,4,,,2.9285715,3.357142925262451,,3.214285612106323,,,,3.846153736114502,,,2.857142925262451,1.214285731315613,,,,,,,,,,,,,2025.1
2014,13,1,1,1307,BZO,42710,3.5,0,2013,.5,1,0,7.800000190734863,7.199999809265137,7,,,7.199999809265137,5.6999998,,,2.700000047683716,4.7777777,3.8333333,,7,,7,,6.300000190734863,,7,7.199999809265137,,6.55555534362793,,,,,5.5,,8.666666984558105,,,8.5555553,,,8.3000002,,8.199999809265137,,5,,6.5,,,,,4.7142859,,7.1111112,,,,2.4285715,3,,2.857142925262451,,1.4,,2.799999952316284,,,2.333333253860474,1.25,,,,,6.8888888,4.7142859,,,,13,1,32,2025.1
2006,13,1,1,1308,MARTIN,,2.8,0,2006,14,9,0,4.2,5,,,,3.4,,,,2.71,9.6000004,3,,6.199999809265137,5.199999809265137,5.75,3.5,4.800000190734863,3.400000095367432,,3.400000095367432,7.400000095367432,3,2.200000047683716,,,,4,2,5.25,3.799999952316284,,4.75,,,4.5999999,4.1999998,4.5,2.599999904632568,3.400000095367432,2.400000095367432,,,,,,2.8,2.2,,,3,3,,5.2,,4.4,,,,4.33,,,4.4,1.75,,,,,,,,,,,,,2025.1
2010,13,1,1,1308,MARTIN,,,,2008,17.67000007629395,9,0,4.777777671813965,3.714285850524902,,,,5,,,,3.833333253860474,9.69697,1.3333334,,4.599999904632568,4,4,3.875,4.199999809265137,4.571428775787354,,4.777777671813965,4.888888835906982,3.857142925262451,3.428571462631226,,,,3.375,3.75,5.625,5.125,,6,4.75,,,,5.857142925262451,4.166666507720947,4.400000095367432,3.25,3.8,2.4285715,,,,3.75,3.4285715,5.6666665,2.5714285,,,2.4615386,5.090909004211426,,4.777777671813965,,,,5.142857074737549,,,4,2.285714387893677,,,,,,,,,,,,,2025.1
2014,13,1,1,1310,TeamStronach,,5.7,6,2013,,9,0,7.599999904632568,7.900000095367432,7.6999998,,,7.199999809265137,5.1999998,,,2.900000095367432,4.5,3.5999999,,8.222222328186035,,8.399999618530273,,8.142857551574707,,8.2222223,8.100000381469727,,8,,,,,5.285714149475098,,7.333333492279053,,,7.625,,,6.75,,7,,4.857142925262451,,7.125,,,,,5.5714288,,6.6666665,,,,2.3,3,,4,,2,,2.833333253860474,,,2.833333253860474,1.5,,,,,7.9000001,7.5999999,,,,1,5,17,2025.1
1999,14,1,1,1401,SDP,14320,22.8999996185303,25.5,1999,17.89999961853027,5,1,3.400000095367432,3.400000095367432,,,,4.599999904632568,,,,6.599999904632568,6,1.9999999,,,,,,,,,,,,,,,,,,,,,,,,,,,,,,,,,,,,,,,,,,5,4.400000095367432,,5.599999904632568,,,5.199999809265137,6.400000095367432,5,5.199999809265137,,,,,,,,,,,,,,2025.1
2002,14,1,1,1401,SDP,14320,22.9,25.5,1999,17.89999961853027,5,1,3.67,3.89,,,,3.89,,,,6.44,8.1333332,1.8555557,,,,,,,,,,,,,,,,,,,,,,,,,,,,,,,,,,,,,,,,,,5.67,,5.565,5.5,,4.5,5.43,5.5,5,4.89,,,,,,,,,,,,,,2025.1
2006,14,1,1,1401,SDP,14320,24.5,26.5,2003,21.20000076293945,5,1,3.64,3,,,,5,,,,6.17,5.8333335,2.8,,2.779999971389771,6.78000020980835,3.380000114440918,4.630000114440918,3.559999942779541,6,,4.75,4.21999979019165,4,4.329999923706055,,,,3.440000057220459,2.890000104904175,4.78000020980835,3.779999971389771,,5.1100001,,,4.4400001,4.1100001,4.78000020980835,3.670000076293945,3.440000057220459,5.329999923706055,,,,,,6,4.8800001,,,3.4400001,4,,5.55,,5.36,,,,5.67,,,5.27,4.73,,,,,,,,,,,,,2025.1
2010,14,1,1,1401,SDP,14320,21.4,22.5,2007,17.54000091552734,5,0,4,3.599999904632568,,,,4.699999809265137,,,,5.888888835906982,6,3.9000001,,3.599999904632568,6.800000190734863,3.700000047683716,6.400000095367432,3,6.5,,4.300000190734863,4.5,4.199999809265137,4.5,,,,3.75,3,5.300000190734863,4.300000190734863,,5.5999999,4.3333335,,,,4.400000095367432,3.875,2.299999952316284,5.333333492279053,6,4.1999998,,,,5.8888888,4,5.1111112,3.5555556,,,1.3,5.125,,5.333333492279053,,,,5.55555534362793,,,5,4.333333492279053,,,,,,,,,,,,,2025.1
2014,14,1,1,1401,SDP,14320,19.1,21,2011,12.3,5,1,4,3.444444417953491,8,,,3.222222328186035,5,,,5.599999904632568,5.5999999,3.8,,3.625,,4.142857074737549,,3.571428537368774,,3.625,4.285714149475098,,3.375,,,,,3,,4.125,,,4,,,4.25,,4.5,,2.625,,5.75,,,,,6.7142859,,5,,,,1.2,5.666666507720947,,5.5,,4.3333335,,5.333333492279053,,,5,4.5,,,,,2.625,3.1428571,,,,13,14,17,2025.1
2019,14,1,1,1401,SDP,14320,17.7,20.200001,2019,14.6,5,.5,3.142857074737549,3.214285612106323,8.2857141,2.7777777,4,3.285714387893677,6,4,4.5,5.928571224212646,6.0714288,3.5,4,1.923076868057251,,2.714285612106323,,1.714285731315613,8.285714149475098,2.4285715,3.857142925262451,,2.357142925262451,,,,,2.75,,3.714285612106323,4.928571224212646,4.5714288,4.3571429,5.6428571,4.6428571,3.1428571,,3.571428537368774,,3.142857074737549,,4,6.6428571,,,5,6,,,,,,,,,5.583333492279053,,4.181818,,5.222222328186035,,4.727272510528564,4,,,2.7777777,1.2727273,2.75,1.8461539,3,5.818182,,,,,,2025.1
2024,14,1,1,1401,SDP,14320,19.95,43,2023,14.85999965667725,5,,3.545454502105713,3.181818246841431,7.6363635,3,3.5,2.909090995788574,6.2727275,3.6666667,3.4000001,6.181818008422852,5.9000001,2.5714285,3,2.625,,4,,2.636363744735718,8.545454978942871,,3.5,,,,2.8333333,2,1.5,2.400000095367432,,3.454545497894287,5.454545497894287,3.1818182,4.090909,5,,3.2,,3,,3,,3.1666667,6.5,3.5999999,5.1999998,5.6666665,5.2857141,,,,,,,,,6,,,,,,,5,,1.75,,1.25,1.75,3.1428571,7,,3.4000001,1,,,,2025.1
1999,14,1,1,1402,KOK,14620,21,23,1999,25.29999923706055,2,1,7.599999904632568,8.199999809265137,,,,5.400000095367432,,,,7,6,0,,,,,,,,,,,,,,,,,,,,,,,,,,,,,,,,,,,,,,,,,,4.599999904632568,5.199999809265137,,4,,,4.599999904632568,6,5,5.599999904632568,,,,,,,,,,,,,,2025.1
2002,14,1,1,1402,KOK,14620,21,23,1999,25.29999923706055,2,1,7,7.22,,,,5.78,,,,6.67,7.0333328,1.4777777,,,,,,,,,,,,,,,,,,,,,,,,,,,,,,,,,,,,,,,,,,5,,5.78,4.25,,4.38,4.29,4.75,4.57,5.33,,,,,,,,,,,,,,2025.1
2006,14,1,1,1402,KOK,14620,18.6,20,2003,23.70000076293945,3,0,6.91,7.36,,,,5.22,,,,6.67,7.5,1.033,,6.78000020980835,6.21999979019165,7,6.630000114440918,5.889999866485596,5.25,,5.5,4.78000020980835,5.110000133514404,4.75,,,,5,3.559999942779541,5,4.329999923706055,,5.5599999,,,3.6700001,4.4400001,4.670000076293945,3.329999923706055,2.890000104904175,5.440000057220459,,,,,,5.5,5,,,5.8899999,4.3299999,,5.55,,6.55,,,,5.56,,,6.36,4.36,,,,,,,,,,,,,2025.1
2010,14,1,1,1402,KOK,14620,22.3,25,2007,23.20999908447266,3,1,7.5,7.600000381469727,,,,4.5,,,,6.44444465637207,7.6666665,1.5,,6.599999904632568,6.800000190734863,7,6.199999809265137,6.699999809265137,5.400000095367432,,5.900000095367432,5.300000190734863,4.5,4.599999904632568,,,,4.75,3.375,5.800000190734863,4.5,,5.5,4.2222223,,,,5.199999809265137,3.888888835906982,2.5,5.111111164093018,6.6999998,4.6999998,,,,6.4444447,4.4444447,4.5555553,4.3333335,,,1,5.777777671813965,,6.5,,,,5.55555534362793,,,6,4.222222328186035,,,,,,,,,,,,,2025.1
2014,14,1,1,1402,KOK,14620,20.4,22,2011,22.6,3,1,7.666666507720947,8.222222328186035,8.7777777,,,4.75,4.1111112,,,6.599999904632568,7.0999999,2.5999999,,7.75,,7.142857074737549,,7.428571224212646,,7.375,6.428571224212646,,5.857142925262451,,,,,5.571428775787354,,5.125,,,5.25,,,4.625,,5,,2.125,,7,,,,,7.25,,4.125,,,,1.1,6,,6.699999809265137,,5.2222223,,5.333333492279053,,,6,4.599999904632568,,,,,.875,3,,,,13,5,14,2025.1
2019,14,1,1,1402,KOK,14620,17,19.200001,2019,20.8,2,.5,7.714285850524902,7.857142925262451,8.6428576,1.8888888,3.8,5.071428775787354,5.2142859,4.25,5.5999999,6.428571224212646,6.8571429,2.1666667,4.5,7.538461685180664,,7.714285850524902,,6.857142925262451,7.428571224212646,7.2857141,6.642857074737549,,4.071428775787354,,,,,5.333333492279053,,4.428571224212646,5.214285850524902,5,5.3571429,5.5714288,5.5714288,3.8571429,,4.714285850524902,,2.285714387893677,,5.7142859,5.9285712,,,2.3333333,5.6923075,,,,,,,,,6.416666507720947,,4.7272725,,5.222222328186035,,4.363636493682861,4.800000190734863,,,3.3333333,1.6363636,2.3333333,1.6923077,2.909091,6.7272725,,,,,,2025.1
2024,14,1,1,1402,KOK,14620,20.8,48,2023,24.77000045776367,2,,7.818181991577148,8,9.090909,2,3.6666667,5.272727489471436,4.2727275,6.1666665,5,6.272727489471436,6.1999998,3.5714285,4,8.625,,8.333333015441895,,6.909090995788574,7,,5.75,,,,3.8333333,3.8,3.3333333,4.800000190734863,,4.636363506317139,5.090909004211426,5.2727275,5.6363635,5.181818,,2.8,,5.5,,2.5,,5.3333335,4.1666665,5,4.5999999,3.3333333,7.1428571,,,,,,,,,6.400000095367432,,,,,,,5,,1.25,,2.5,1,1.2857143,5.5,,3.8,1.4,,,,2025.1
1999,14,1,1,1403,KESK,14810,22.4,24,1999,21.29999923706055,11,0,5.599999904632568,5.400000095367432,,,,7.599999904632568,,,,4,5.5,4.5,,,,,,,,,,,,,,,,,,,,,,,,,,,,,,,,,,,,,,,,,,3,2.400000095367432,,2.799999952316284,,,4.400000095367432,5.599999904632568,2.200000047683716,2.200000047683716,,,,,,,,,,,,,,2025.1
2002,14,1,1,1403,KESK,14810,22.4,24,1999,21.29999923706055,11,0,6.11,4.89,,,,7.22,,,,4.78,5.9333334,5.188889,,,,,,,,,,,,,,,,,,,,,,,,,,,,,,,,,,,,,,,,,,4,,3.78,3.88,,5.88,5.29,4.38,3.86,3,,,,,,,,,,,,,,2025.1
2006,14,1,1,1403,KESK,14810,24.7,27.5,2003,23.39999961853027,11,1,5.45,5,,,,6.9,,,,5.75,5.8333335,5,,4.670000076293945,5.329999923706055,4.130000114440918,4.880000114440918,4.559999942779541,4.880000114440918,,6.130000114440918,4.440000057220459,6.21999979019165,5.110000133514404,,,,5.559999942779541,4.329999923706055,5.670000076293945,3.890000104904175,,5.6700001,,,6.4400001,4.3299999,5.329999923706055,3.220000028610229,7.21999979019165,8,,,,,,2.5,6.8800001,,,3.8900001,3.8900001,,4.64,,5,,,,6,,,5.09,4.45,,,,,,,,,,,,,2025.1
2010,14,1,1,1403,KESK,14810,23.1,25.5,2007,19.03000068664551,11,1,5.699999809265137,5.300000190734863,,,,6.400000095367432,,,,5.400000095367432,6,5.9000001,,5,5.199999809265137,4.099999904632568,6.222222328186035,4.300000190734863,5,,5.800000190734863,4.699999809265137,6.099999904632568,4.400000095367432,,,,6.375,4.25,5.800000190734863,4.599999904632568,,6.5,4.2222223,,,,5.900000095367432,3.777777671813965,8.899999618530273,8.333333015441895,6.2222223,5.3000002,,,,1.7777778,6.8888888,5.3333335,3.4444444,,,1.8,4.44444465637207,,4.900000095367432,,,,5.666666507720947,,,4.125,3.900000095367432,,,,,,,,,,,,,2025.1
2014,14,1,1,1403,KESK,14810,15.8,17.5,2011,19.7,11,0,5.55555534362793,5.44444465637207,7.5555553,,,7,5.1111112,,,4.5,5,5,,5.75,,5.714285850524902,,5.285714149475098,,5.5,6.25,,6.75,,,,,6.25,,5.625,,,6.25,,,6.75,,5.5,,8.5,,6.75,,,,,2.625,,5.4285712,,,,1.6,4.777777671813965,,4.400000095367432,,3.3333333,,5.333333492279053,,,4.111111164093018,3.555555582046509,,,,,3.75,3.3333333,,,,4,18,13,2025.1
2019,14,1,1,1403,KESK,14810,13.8,15.7,2019,13.5,11,1,5.857142925262451,6.071428775787354,7.2857141,5.1111112,5,6.714285850524902,5.2857141,4.5,5.5999999,4.857142925262451,4.7857141,4.9166665,3.5,5.769230842590332,,6.071428775787354,,4.928571224212646,6.642857074737549,5.2857141,6.142857074737549,,5.357142925262451,,,,,6.333333492279053,,5.571428775787354,4.571428775787354,6,6.1428571,5.1428571,5.7142859,6.3571429,,5.642857074737549,,8.785714149475098,,6.2857141,6.5,,,5.5833335,1.8461539,,,,,,,,,4.666666507720947,,3.1818182,,5.777777671813965,,3.636363744735718,3.700000047683716,,,3,1.7272727,2.5833333,2.1538463,2.6363637,5.7272725,,,,,,2025.1
2024,14,1,1,1403,KESK,14810,11.3,23,2023,11.76000022888184,11,,5.727272510528564,5.818181991577148,6.3636365,4.5999999,4.3333335,6.454545497894287,4.6363635,4.6666665,4.5999999,4.818181991577148,5.5999999,3.8571429,4.5,5.25,,5.333333492279053,,5.090909004211426,6.090909004211426,,5.5,,,,3.8333333,5.4000001,5.6666665,6.400000095367432,,5.636363506317139,4.818181991577148,4.909091,6.2727275,5.2727275,,5.8000002,,5.833333492279053,,9.166666984558105,,5.5,5.3333335,5.8000002,4.8000002,6,2.2857144,,,,,,,,,4.400000095367432,,,,,,,3.5,,1.5,,2.5,1.75,3.7142856,6,,3.5999999,1.8,,,,2025.1
1999,14,1,1,1404,VAS,14223,10.8999996185303,10,1999,9.100000381469727,6,1,2,1.799999952316284,,,,3.799999952316284,,,,5,5,3.5000002,,,,,,,,,,,,,,,,,,,,,,,,,,,,,,,,,,,,,,,,,,5,3.599999904632568,,5.400000095367432,,,5.400000095367432,6.400000095367432,5.199999809265137,3.599999904632568,,,,,,,,,,,,,,2025.1
2002,14,1,1,1404,VAS,14223,10.9,10,1999,9.100000381469727,6,1,2.44,2,,,,3.67,,,,4.44,5.5666671,4.5666666,,,,,,,,,,,,,,,,,,,,,,,,,,,,,,,,,,,,,,,,,,4.78,,4.11,4.63,,4.38,5.33,5.88,4.43,3.67,,,,,,,,,,,,,,2025.1
2006,14,1,1,1404,VAS,14223,9.9,9.5,2003,9.100000381469727,6,0,2.27,1.91,,,,3.5,,,,4.5,4.8333335,4.6399999,,1.669999957084656,7.559999942779541,2.380000114440918,5.75,1.889999985694885,6.880000114440918,,3.880000114440918,4.21999979019165,3.559999942779541,5.110000133514404,,,,2.220000028610229,2.779999971389771,3.109999895095825,4.559999942779541,,4,,,4.3299999,4.4400001,3.890000104904175,3.559999942779541,4.21999979019165,5.21999979019165,,,,,,4.75,4.5,,,2.1099999,5.2199998,,4.73,,3.36,,,,5.11,,,3.18,4.27,,,,,,,,,,,,,2025.1
2010,14,1,1,1404,VAS,14223,8.800000000000001,8.5,2007,5.929999828338623,6,0,2.200000047683716,2,,,,3.400000095367432,,,,4.111111164093018,5.333333,4.5999999,,2.400000095367432,7.900000095367432,2,7.099999904632568,1.700000047683716,7.699999809265137,,3.5,5.300000190734863,3.200000047683716,5.5,,,,2.125,3.142857074737549,3.700000047683716,4.900000095367432,,4.3000002,4.5555553,,,,4,4,3.799999952316284,4.777777671813965,3.8,5,,,,4.7777777,4.8888888,5.8888888,4.5555553,,,1.7777778,4,,3.666666746139526,,,,5.55555534362793,,,3.111111164093018,4,,,,,,,,,,,,,2025.1
2014,14,1,1,1404,VAS,14223,8.1,7,2011,9.300000000000001,6,.5,1.888888835906982,1.666666626930237,7.3333335,,,1.888888835906982,6.7777777,,,4.300000190734863,4.5999999,4.5999999,,2,,2.428571462631226,,1.285714268684387,,1.75,2.25,,1.625,,,,,1.375,,2.875,,,2.25,,,3.25,,3.5,,3.125,,3.5,,,,,6,,5.7142859,,,,1.9,4.777777671813965,,3.777777671813965,,2.5,,4.888888835906982,,,3,4.222222328186035,,,,,6.25,3.8333333,,,,13,14,17,2025.1
2019,14,1,1,1404,VAS,14223,8.199999999999999,8.1000004,2019,6.9,6,.5,1.5,1.571428537368774,7.5,2.2222223,2,1.5,7.7857141,3,1.8,5.071428775787354,4.6428571,4.25,2,1,,1.214285731315613,,1.071428537368774,8.571428298950195,1.3571428,2.071428537368774,,1.142857193946838,,,,,1.083333373069763,,2.214285612106323,6.214285850524902,3.4285715,2.5714285,6.7142859,3.0714285,2.3571429,,2.285714387893677,,3,,2.8571429,7.2857141,,,5.8333335,5.0833335,,,,,,,,,4.636363506317139,,3,,5.222222328186035,,4.818181991577148,3.099999904632568,,,2.5555556,1.0909091,4.9166665,3.7692308,3.2727273,4.2727275,,,,,,2025.1
2024,14,1,1,1404,VAS,14223,7.1,11,2023,17.31999969482422,6,,1.545454502105713,1.636363625526428,7.181818,1.4,2.6666667,1.363636374473572,8.090909,1.6666666,2,5.545454502105713,5.8000002,4.2857141,3.75,1.25,,2.333333253860474,,1.272727251052856,8.909090995788574,,2,,,,2.1666667,1.2,.33333334,1.200000047683716,,1.909090876579285,7.272727489471436,2.2727273,2.1818182,6.7272725,,2.5999999,,1.666666626930237,,3.166666746139526,,1.5,8.333333,1.4,7.5999999,6.3333335,4.7142859,,,,,,,,,5.599999904632568,,,,,,,5,,3,,.5,5,4.4285712,7,,3.2,.80000001,,,,2025.1
1999,14,1,1,1405,PS,14820,1,.5,1999,,11,0,6.800000190734863,5.400000095367432,,,,7.800000190734863,,,,2,5,.99999994,,,,,,,,,,,,,,,,,,,,,,,,,,,,,,,,,,,,,,,,,,3,1.399999976158142,,1.600000023841858,,,4,4.199999809265137,1.200000047683716,1.200000047683716,,,,,,,,,,,,,,2025.1
2006,14,1,1,1405,PS,14820,1.6,1.5,2003,.5400000214576721,1,0,6.3,4.82,,,,7.64,,,,1.64,8.8000002,.55000001,,3.559999942779541,5.670000076293945,2.75,4.630000114440918,3,6.880000114440918,,6.880000114440918,6.21999979019165,7.889999866485596,6.78000020980835,,,,5.670000076293945,4.78000020980835,8.109999656677246,8.220000267028809,,7.8899999,,,8.5600004,7.4400001,7.21999979019165,6.670000076293945,5.78000020980835,6.559999942779541,,,,,,3.3800001,5.3800001,,,3.4400001,4.2199998,,2.27,,1.82,,,,3.67,,,1.64,1.82,,,,,,,,,,,,,2025.1
2010,14,1,1,1405,PS,14820,4.1,2.5,2007,9.789999961853027,1,0,5.400000095367432,4.300000190734863,,,,7.5,,,,1.666666626930237,8.666666,1,,3.900000095367432,6,3.099999904632568,5.199999809265137,2.5,5.800000190734863,,7.300000190734863,6.44444465637207,8.5,6.800000190734863,,,,6.55555534362793,5.375,9.100000381469727,8.899999618530273,,9.1000004,8.875,,,,8.300000190734863,7.400000095367432,6.300000190734863,5.44444465637207,7.4000001,4,,,,4,4.625,5.7777777,5.2222223,,,3,2.200000047683716,,2.299999952316284,,,,3.25,,,1.899999976158142,1.299999952316284,,,,,,,,,,,,,2025.1
2014,14,1,1,1405,PS,14820,19.1,19.5,2011,12.9,1,0,5.111111164093018,4.111111164093018,5.8888888,,,9.111110687255859,8.5555553,,,1.600000023841858,8.1999998,.89999998,,4.375,,4.428571224212646,,3,,3.5,8.625,,9.125,,,,,6.25,,9,,,9.375,,,9.25,,9,,6.375,,8.25,,,,,4.625,,6,,,,3,3.111111164093018,,2.700000047683716,,1.7,,3,,,1.799999952316284,1.5,,,,,9.125,6.7142859,,,,1,8,16,2025.1
2019,14,1,1,1405,PS,14820,17.5,19.700001,2019,13.8,1,0,7.571428775787354,6.428571224212646,4.7142859,5.5555553,5.4000001,8.785714149475098,8.2142859,2,2,1.642857193946838,6.8571429,1.8333334,6.5,6.384615421295166,,5.714285850524902,,5.285714149475098,5.142857074737549,5.7142859,9.071428298950195,,8.071428298950195,,,,,6.416666507720947,,9.785714149475098,9.785714149475098,1.0714285,9.7857141,8.6428576,1.0714285,9.0714283,,9,,5.785714149475098,,8.5714283,6,,,7.5833335,4.8333335,,,,,,,,,2.333333253860474,,1.3636364,,2.777777671813965,,1.181818127632141,1.545454502105713,,,2.6666667,8.25,7.1666665,9.1428576,5.7272725,6.2727275,,,,,,2025.1
2024,14,1,1,1405,PS,14820,20.1,46,2023,7.599999904632568,1,,8.181818008422852,8.181818008422852,7,5.5999999,5.1666665,8.909090995788574,9,1.3333334,1.6,2.454545497894287,5.8000002,3.5714285,3.5,8.625,,7.333333492279053,,7,5.636363506317139,,8,,,,6,9,8.666667,7.199999809265137,,9.363636016845703,9.636363983154297,.81818181,9.636364,9.090909,,8.6000004,,9.333333015441895,,6.166666507720947,,8.166667,6.8333335,8.3999996,7.8000002,5,6.2857141,,,,,,,,,2.400000095367432,,,,,,,1.5,,1.75,,8.75,5.5,7.8571429,7,,5.4000001,5.8000002,,,,2025.1
1999,14,1,1,1406,SFP,14901,5.1,5.5,1999,6.800000190734863,8,1,6.599999904632568,7,,,,4.599999904632568,,,,6.400000095367432,5.5,1.5,,,,,,,,,,,,,,,,,,,,,,,,,,,,,,,,,,,,,,,,,,4.599999904632568,4.199999809265137,,3.799999952316284,,,4.800000190734863,6,5.400000095367432,5.800000190734863,,,,,,,,,,,,,,2025.1
2002,14,1,1,1406,SFP,14901,5.1,5.5,1999,6.800000190734863,8,1,6.56,6.56,,,,4.25,,,,6.56,7.4000001,2.2222223,,,,,,,,,,,,,,,,,,,,,,,,,,,,,,,,,,,,,,,,,,5.44,,5.11,4.75,,5.38,5.5,4.63,5,5.11,,,,,,,,,,,,,,2025.1
2006,14,1,1,1406,SFP,14901,4.6,4,2003,5.699999809265137,8,1,6.18,7.09,,,,3.56,,,,6.33,6.3666668,1.73,,5.889999866485596,4.889999866485596,6.380000114440918,6,5.440000057220459,5.25,,3.25,5,3.559999942779541,6.21999979019165,,,,4.329999923706055,3.440000057220459,2,5.78000020980835,,2.8900001,,,2.4400001,5.6700001,2.559999942779541,6.559999942779541,4.889999866485596,5.559999942779541,,,,,,4.25,5.5,,,5.1100001,4.1100001,,5.45,,5.91,,,,5.78,,,5.91,4.55,,,,,,,,,,,,,2025.1
2010,14,1,1,1406,SFP,14901,4.6,4.5,2007,6.090000152587891,8,1,6.800000190734863,7.399999618530273,,,,4.099999904632568,,,,6.333333492279053,7.3333335,2.3,,6.400000095367432,5.5,6.400000095367432,5.800000190734863,5.900000095367432,4.699999809265137,,4,5.5,3,6.099999904632568,,,,4.222222328186035,2.571428537368774,2.200000047683716,6.699999809265137,,2.4000001,6.625,,,,1.799999952316284,7.699999809265137,4.900000095367432,4.55555534362793,5,4.9000001,,,,4.2222223,4.8888888,5.2222223,4,,,1,5.111111164093018,,6.099999904632568,,,,5.666666507720947,,,5.800000190734863,4.900000095367432,,,,,,,,,,,,,2025.1
2014,14,1,1,1406,RKP/SFP,14901,4.3,4.5,2011,6.8,8,1,7.44444465637207,7.333333492279053,6.2222223,,,2.111111164093018,7.1111112,,,6.400000095367432,6.3000002,2.9000001,,7,,7,,6.571428775787354,,6.875,4.714285850524902,,2.375,,,,,4,,2.75,,,2.125,,,2.875,,1.125,,4.875,,5,,,,,4.7142859,,4,,,,1,5.875,,6.44444465637207,,4.8888888,,5.44444465637207,,,6.099999904632568,4.900000095367432,,,,,1.125,3.6666667,,,,7,13,11,2025.1
2019,14,1,1,1406,SFP,14901,4.5,4.5,2019,6.3,8,.5,6,6.214285850524902,5.7857141,4,4.5999999,2.714285612106323,6.9285712,3.5,2.0999999,6.428571224212646,6.0714288,1.75,3.5,5.846153736114502,,6,,4.714285850524902,5.5,5.6428571,3.785714387893677,,1.714285731315613,,,,,2.846153736114502,,2.285714387893677,6.357142925262451,2.4615386,2.7857144,6.7857141,2.3846154,2.0714285,,1.857142806053162,,4.5,,4.3076925,6.1428571,,,3.25,3.6666667,,,,,,,,,6.333333492279053,,4.6363635,,5.666666507720947,,5.545454502105713,5,,,2.5555556,1.3636364,2.75,1.6923077,2.909091,5.818182,,,,,,2025.1
2024,14,1,1,1406,SFP/RKP,14901,4.3,9,2023,6.170000076293945,8,,6.363636493682861,7,6.4545455,4,4.5,3.090909004211426,6.5454545,4.8333335,4.1999998,6.545454502105713,6.5999999,2.1428571,2.75,6.375,,6.666666507720947,,5.727272510528564,5.090909004211426,,4.75,,,,2.5999999,3,1.5,4.599999904632568,,3.181818246841431,6.545454502105713,3.5454545,3.1818182,5.909091,,3.2,,2.333333253860474,,4.833333492279053,,4.3333335,5.3333335,4.1999998,4.5999999,5.5,4.2857141,,,,,,,,,6.800000190734863,,,,,,,4.5,,1.75,,1.25,2,1.8571428,7.5,,3.4000001,1,,,,2025.1
1999,14,1,1,1408,VIHR,14110,7.3,5.5,1999,13.39999961853027,7,1,3.799999952316284,3.799999952316284,,,,3.599999904632568,,,,5.199999809265137,5,3,,,,,,,,,,,,,,,,,,,,,,,,,,,,,,,,,,,,,,,,,,5.599999904632568,3.599999904632568,,5,,,5.400000095367432,6.800000190734863,5.400000095367432,3.599999904632568,,,,,,,,,,,,,,2025.1
2002,14,1,1,1408,VIHR,14110,7.3,5.5,1999,13.39999961853027,7,1,3.67,3.33,,,,2.22,,,,5.67,7.4000001,3.5777776,,,,,,,,,,,,,,,,,,,,,,,,,,,,,,,,,,,,,,,,,,5.56,,4.89,5.13,,4.63,5,6.75,4.86,4.22,,,,,,,,,,,,,,2025.1
2006,14,1,1,1408,VIHR,14110,8,7,2003,10.39999961853027,7,0,4,3.36,,,,2.18,,,,5.67,6.0666666,3.0899999,,3.779999971389771,5.110000133514404,4.630000114440918,5,3.440000057220459,5.380000114440918,,2.380000114440918,5.440000057220459,2,6.889999866485596,,,,2.109999895095825,3,1.559999942779541,5.889999866485596,,2.6700001,,,1.89,5.7800002,2.779999971389771,5.110000133514404,3.440000057220459,4.889999866485596,,,,,,5,4.5,,,3.1099999,4.2199998,,5.55,,4.91,,,,5.33,,,4.73,4.73,,,,,,,,,,,,,2025.1
2010,14,1,1,1408,VIHR,14110,8.5,7.5,2007,12.39999961853027,7,1,4.599999904632568,4.400000095367432,,,,2.099999904632568,,,,6.111111164093018,7.3333335,1.8,,4,5.900000095367432,4.55555534362793,5.111111164093018,3.599999904632568,4.900000095367432,,2.599999904632568,6.400000095367432,1.200000047683716,8,,,,1.875,3,2,7.099999904632568,,2.0999999,6.7777777,,,,2.299999952316284,5.5,2.200000047683716,5.222222328186035,1.1,8.8000002,,,,6.125,4.25,5.1111112,4.4444447,,,1.1,5.900000095367432,,5.666666507720947,,,,5.625,,,5.125,5.5,,,,,,,,,,,,,2025.1
2014,14,1,1,1408,VIHR,14110,7.3,5,2011,9.300000000000001,7,.5,4.44444465637207,4.44444465637207,5.8888888,,,.7777777910232544,9,,,5.900000095367432,6.0999999,3,,4.875,,5.142857074737549,,3.857142925262451,,4.375,2,,1,,,,,1.375,,1.375,,,1.25,,,1.375,,2.125,,1.875,,1,,,,,6.25,,4.5714288,,,,1.2,5.875,,5.5,,4.875,,4.888888835906982,,,5.333333492279053,4.888888835906982,,,,,4.25,4.8333335,,,,6,16,11,2025.1
2019,14,1,1,1408,VIHR,14110,11.5,10.1,2019,16,7,.5,3.714285612106323,4.142857074737549,5.8571429,4,4.1999998,.9285714030265808,8.5714283,1.25,1.5,6.5,6.5384617,1.75,1.5,3,,3.785714387893677,,2.857142925262451,6.142857074737549,3.7142856,1.857142806053162,,.7142857313156128,,,,,1.384615421295166,,1.285714268684387,8.285714149475098,1.5,2,7.8571429,1.5,1.1428572,,1.642857193946838,,1.785714268684387,,1.7142857,9.5714283,,,3.6363637,5.4615383,,,,,,,,,6.333333492279053,,5.090909,,5.44444465637207,,5.818181991577148,4.599999904632568,,,2.4444444,1.4545455,5.25,2.9230769,3.090909,4.4545455,,,,,,2025.1
2024,14,1,1,1408,VIHR,14110,7.04,13,2023,11.27000045776367,7,,3.909090995788574,4.090909004211426,5.7272725,5.1999998,3.8333333,.8181818127632141,8.636364,1,1.4,6.363636493682861,6.8000002,2.2857144,3,3.125,,4.333333492279053,,3,6.727272510528564,,1.5,,,,2.1666667,.80000001,.16666667,1.399999976158142,,1.272727251052856,8.181818008422852,1.3636364,1.8181819,7.5454545,,1.6,,1.5,,1.5,,.5,9.666667,.80000001,9.1999998,5,4.7142859,,,,,,,,,6.599999904632568,,,,,,,4.5,,2,,.25,3.75,3.2857144,7.5,,2.8,.80000001,,,,2025.1
1999,14,1,1,1409,SKL,14520,4.2,5,1999,2.400000095367432,10,0,7,5.599999904632568,,,,7.599999904632568,,,,2.599999904632568,4.5,3,,,,,,,,,,,,,,,,,,,,,,,,,,,,,,,,,,,,,,,,,,3.400000095367432,1.600000023841858,,2.799999952316284,,,4.199999809265137,4.599999904632568,3,1.799999952316284,,,,,,,,,,,,,,2025.1
2002,14,1,1,1409,SKL,14520,4.2,5,1999,2.400000095367432,10,0,6.89,5.22,,,,8,,,,3.89,5.1999998,2.8395112,,,,,,,,,,,,,,,,,,,,,,,,,,,,,,,,,,,,,,,,,,3.11,,3.22,3.38,,5,4.6,4.83,3.17,2.78,,,,,,,,,,,,,,2025.1
2006,14,1,1,1409,KD,14520,5.3,3.5,2003,4.28000020980835,4,0,6.55,5,,,,8.380000000000001,,,,4,4.2333331,2.73,,4.329999923706055,5.670000076293945,4,4.130000114440918,3.559999942779541,5.5,,5.630000114440918,4.889999866485596,7.670000076293945,7.440000057220459,,,,8.220000267028809,8.329999923706055,5.110000133514404,4.670000076293945,,6,,,6.4400001,4.5599999,4.889999866485596,3.440000057220459,5.440000057220459,5.78000020980835,,,,,,4.25,4,,,4.8899999,3.8900001,,3.91,,3.82,,,,5,,,3.91,2.91,,,,,,,,,,,,,2025.1
2010,14,1,1,1409,KD,14520,4.9,3.5,2007,4.170000076293945,4,0,6.599999904632568,4.699999809265137,,,,8.100000381469727,,,,3.777777671813965,4.666667,4,,4.599999904632568,5.400000095367432,4.222222328186035,4.55555534362793,4,4.800000190734863,,6.300000190734863,5.333333492279053,8.199999809265137,7.400000095367432,,,,9.333333015441895,8.875,6,5.55555534362793,,6.8888888,4.8571429,,,,5.44444465637207,3.777777671813965,5.777777671813965,4.888888835906982,5.3333335,3.9000001,,,,4.625,3.25,5.2222223,3.2222223,,,2.2,3.777777671813965,,4.222222328186035,,,,5.125,,,3.125,2.444444417953491,,,,,,,,,,,,,2025.1
2014,14,1,1,1409,KD,14520,4,3,2011,5.2,10,1,6.222222328186035,5.44444465637207,5.4444447,,,9,9.2222223,,,3.900000095367432,4.8000002,2.6666667,,5.5,,5.285714149475098,,4.714285850524902,,5.25,7.25,,9.25,,,,,9.25,,6.142857074737549,,,7.2857141,,,7.125,,5.714285850524902,,5.428571224212646,,5.875,,,,,5.2857141,,5.4285712,,,,2.0999999,4,,4.222222328186035,,2.625,,4.375,,,4.111111164093018,2.333333253860474,,,,,2.25,4,,,,15,16,13,2025.1
2019,14,1,1,1409,KD,14520,3.9,2.5,2019,4.9,10,0,6.857142925262451,5.714285850524902,5.8571429,4,4.4000001,8.785714149475098,7.6923075,1.25,2,3.928571462631226,4.1428571,3.6363637,2.5,5.07692289352417,,5.214285850524902,,4.785714149475098,6,4.7857141,6.357142925262451,,8.428571701049805,,,,,9.384614944458008,,5.769230842590332,5.307692527770996,3.8181818,6.3571429,5.7692308,3.3,6.9285712,,6,,5.357142925262451,,6.0769229,4.8333335,,,4.8888888,3.8888888,,,,,,,,,4.300000190734863,,3.5555556,,4.44444465637207,,3.454545497894287,3.222222328186035,,,2.375,2.8181818,3.5,3,3.2,6.2727275,,,,,,2025.1
2024,14,1,1,1409,KD,14520,4.2,5,2023,4.119999885559082,10,,7.545454502105713,7,5.818182,4.1999998,5.1666665,8.818181991577148,8,1.3333334,2.2,4,5.1111112,3.1428571,5,6.875,,5,,5.699999809265137,5.090909004211426,,6.5,,,,5,9,10,9.399999618530273,,7.181818008422852,4.909090995788574,2.4000001,8.090909,4.8000002,,7.1999998,,6.833333492279053,,5.833333492279053,,5.8000002,3.8,6.4000001,3.5999999,6,5.4285712,,,,,,,,,3.75,,,,,,,3,,1.75,,3.3333333,2.25,2.2857144,6,,3.5999999,3.4000001,,,,2025.1
2024,14,1,1,1410,Liik,,2.4,1,2023,.5299999713897705,3,,7.55555534362793,8.100000381469727,8.3000002,.66666669,4,4.857142925262451,3.75,2.3333333,3,4.599999904632568,4.5,2.5,4,8.166666984558105,,8.333333015441895,,7.25,6.5,,6.25,,,,4.3333335,4.6666665,5.3333335,5,,5.571428775787354,3.875,2,5.5999999,4.1428571,,3.5,,4.666666507720947,,2.25,,5.75,4.25,6,4,3,5.75,,,,,,,,,5,,,,,,,4,,2,,3,4,4.4000001,7,,3.3333333,2.25,,,,2025.1
1999,14,1,1,1411,SEP/EKA,,,,1999,,9,0,6.333333492279053,5.666666507720947,,,,7.75,,,,2.5,4.375,1.25,,,,,,,,,,,,,,,,,,,,,,,,,,,,,,,,,,,,,,,,,,3.75,1.75,,2,,,4.25,4.5,1.75,1.75,,,,,,,,,,,,,,2025.1
1999,14,1,1,1412,REM,,1.10000002384186,.5,1999,,9,0,6.599999904632568,5.800000190734863,,,,6.800000190734863,,,,4,5,1.875,,,,,,,,,,,,,,,,,,,,,,,,,,,,,,,,,,,,,,,,,,3.799999952316284,2.799999952316284,,3.599999904632568,,,4.599999904632568,4.800000190734863,2.200000047683716,2.400000095367432,,,,,,,,,,,,,,2025.1
1999,14,1,1,1413,KIPU,,.4,.5,1999,,7,0,4.75,4.5,,,,3.75,,,,2.5,4.375,0,,,,,,,,,,,,,,,,,,,,,,,,,,,,,,,,,,,,,,,,,,3.75,1.75,,2,,,4.25,4.5,1.75,1.75,,,,,,,,,,,,,,2025.1
2024,14,1,1,1414,AS,,.37,1,2023,,8,,6.666666507720947,7.333333492279053,6.5,1,4,4.5,6,5.5,,6,6.6666665,2,,6,,8,,6,4.5,,5,,,,8,6,1,5,,3,6.5,2,7.5,6,,5,,0,,8,,5,4.5,,,,4,,,,,,,,,4,,,,,,,5,,,,,1,3,,,0,1,,,,2025.1
1999,16,1,1,1601,V,11220,12,12.3,1998,15.80000019073486,6,0,1.555555582046509,1.444444417953491,,,,2.5,,,,1.333333373069763,6.5625,1.111111,,,,,,,,,,,,,,,,,,,,,,,,,,,,,,,,,,,,,,,,,,4,1.125,,5.199999809265137,,,3.599999904632568,5.625,3,1.333333373069763,,,,,,,,,,,,,,2025.1
2002,16,1,1,1601,V,11220,8.4,8.6000004,2002,15.80000019073486,6,0,1.67,1.63,,,,3.17,,,,2.08,5.8333335,1.4777777,,,,,,,,,,,,,,,,,,,,,,,,,,,,,,,,,,,,,,,,,,1.83,,2.17,4.6,,1.75,4,5.33,3,1.33,,,,,,,,,,,,,,2025.1
2006,16,1,1,1601,V,11220,5.8,6.3000002,2006,12.80000019073486,6,0,1.67,1.38,,,,2.78,,,,1.82,5.4666672,2,,1,7.889999866485596,2,4.880000114440918,.8899999856948853,8,,2.559999942779541,6.440000057220459,2.329999923706055,6.670000076293945,,,,.8899999856948853,2.890000104904175,1.889999985694885,7,,2.25,,,3,5.3800001,2.890000104904175,5.570000171661377,3.670000076293945,4.630000114440918,,,,,,5.3800001,5.29,,,1.11,7.4400001,,3.33,,3.22,,,,4.71,,,1.89,5.86,,,,,,,,,,,,,2025.1
2010,16,1,1,1601,V,11220,5.6,5.4000001,2010,5.659999847412109,6,0,1.428571462631226,1.214285612106323,,,,3.142857074737549,,,,2,7.3333335,2.6666667,,1,9.142857551574707,1.428571462631226,6.92307710647583,1.071428537368774,8.785714149475098,,1.928571462631226,5.285714149475098,.9285714030265808,7.071428775787354,,,,.9285714030265808,4,1.357142806053162,6.714285850524902,,1.3076923,6.0833335,,,,2.384615421295166,6.230769157409668,4.071428775787354,3.785714387893677,1.9285715,7,,,,4.6666665,4.75,7.6428571,7.3571429,,,2.9333334,3.923076868057251,,2.266666650772095,,,,3.777777671813965,,,1.666666626930237,5.583333492279053,,,,,,,,,,,,,2025.1
2014,16,1,1,1601,V,11220,5.7,6,2014,6.3,6,0,1.714285731315613,1.38095235824585,7.3809524,,,1.952380895614624,6.3809524,,,2.136363744735718,4.7272725,1.5714285,,.3157894611358643,,.9444444179534912,,.5555555820465088,,.89473683,2.166666746139526,,.6315789222717285,,,,,.8888888955116272,,.5555555820465088,,,.63157892,,,1.2777778,,1.5625,,4.052631378173828,,1.7894737,,,,,4.8666668,,7.4736843,,,,2.909091,3.388888835906982,,2.21052622795105,,1.5,,3.357142925262451,,,1.611111164093018,5,,,,,5.3684211,2.1111112,,,,13,14,5,2025.1
2019,16,1,1,1601,V,11220,8,8,2018,6.8,6,0,1.70588231086731,1.764705896377563,7.9411764,1.6666666,2,1.941176414489746,6.875,1.125,1.375,3.176470518112183,3.6470587,3.6666667,4.8000002,.7647058963775635,,.7333333492279053,,.5,9.3125,1.0588236,1.941176414489746,,.4117647111415863,,,,,1.125,,1.529411792755127,7.411764621734619,1.1875,1.0588236,7.0625,1.9333333,2.4117646,,1,,4.470588207244873,,1.5882353,7.5882354,,,6,4.1875,,,,,,,,,2.928571462631226,,1.6923077,,4.636363506317139,,3.538461446762085,1.692307710647583,,,1.5833334,1.2857143,4.4666667,4.75,1.3571428,4.9285712,,,,,,2025.1
2024,16,1,1,1601,V,11220,6.8,24,2022,11.0600004196167,6,,1.578947424888611,1.894736886024475,7.4210525,2.375,1.3636364,2.421052694320679,6.2777777,2.6363637,2.875,3.315789461135864,3.3333333,4.3333335,4.6666665,.5,,.8666666746139526,,1.368421077728271,9.157895088195801,,2.099999904632568,,,,1.5555556,1.125,.33333334,1.666666626930237,,3.052631616592407,5.5789475440979,2.3333333,2.1578948,6.3157897,,2.0999999,,2.25,,4.888888835906982,,1.4,7.4000001,2.2222223,7,5.5555553,5,,,,,,,,,4,,,,,,,2,,4.3333335,,1.7142857,3.9166667,5.5,1.7777778,,3.8333333,2.5,,,,2025.1
1999,16,1,1,1602,SAP,11320,36.4,37.5,1998,26,5,1,3.444444417953491,4.111111164093018,,,,5.5,,,,5.333333492279053,5,6.3888888,,,,,,,,,,,,,,,,,,,,,,,,,,,,,,,,,,,,,,,,,,4.111111164093018,2,,6.777777671813965,,,4,6.428571224212646,6.166666507720947,4.571428775787354,,,,,,,,,,,,,,2025.1
2002,16,1,1,1602,SAP,11320,39.9,41.299999,2002,26,5,1,3.5,3.71,,,,4.83,,,,5.5,6.0999999,5.6444445,,,,,,,,,,,,,,,,,,,,,,,,,,,,,,,,,,,,,,,,,,3.36,,5.27,6.45,,1.58,4.9,6,5.75,4.92,,,,,,,,,,,,,,2025.1
2006,16,1,1,1602,SAP,11320,35.2,37.200001,2006,24.60000038146973,5,.5,3.56,3.22,,,,4.22,,,,5.786,3.633333,6.73,,2.220000028610229,7.78000020980835,5,5.5,2.440000057220459,7.440000057220459,,5.110000133514404,5.440000057220459,2.890000104904175,5.21999979019165,,,,2.109999895095825,3.657999992370605,4.78000020980835,5.889999866485596,,4.75,,,4,3.5,4,4.289999961853027,4,5,,,,,,5.8800001,4.8600001,,,3.78,6,,4.44,,5.78,,,,5.43,,,4.75,5.89,,,,,,,,,,,,,2025.1
2010,16,1,1,1602,SAP,11320,30.7,32.099998,2010,24.40999984741211,5,0,3.285714149475098,3.428571224212646,,,,4.214285850524902,,,,6,4.8888888,5.1333332,,2.5,7.714285850524902,3.571428537368774,5.769230842590332,2.428571462631226,7.571428775787354,,4.785714149475098,5.071428775787354,2,5.214285850524902,,,,2.230769157409668,3.214285612106323,3.357142925262451,5,,2.75,4.8333335,,,,3.615384578704834,5,4.357142925262451,3.571428537368774,4.5714288,5.9285712,,,,4.8333335,4,3.7142856,5.2857141,,,1.1333333,4.692307472229004,,4.733333110809326,,,,5.071428775787354,,,4.866666793823242,5.933333396911621,,,,,,,,,,,,,2025.1
2014,16,1,1,1602,SAP,11320,31,32.400002,2014,24.2,5,.5,3.761904716491699,3.428571462631226,7.9047618,,,3.61904764175415,4.7142859,,,5.272727489471436,3.590909,4.8095236,,2.631578922271729,,3.5,,2.833333253860474,,3.1578948,4.222222328186035,,2.21052622795105,,,,,2,,2.333333253860474,,,2.3157895,,,3.3333333,,3,,4.4210524559021,,4.2105265,,,,,5.4000001,,3.8947368,,,,1.1818181,4.666666507720947,,4.526315689086914,,3.0555556,,4.800000190734863,,,4.333333492279053,5.263157844543457,,,,,1.9473684,2.0555556,,,,13,14,17,2025.1
2019,16,1,1,1602,S/SAP,11320,28.3,28.700001,2018,23.48,5,1,3.882352828979492,4.117647171020508,7.0588236,5.3000002,4.5999999,4.411764621734619,5.75,5.125,4.5,5.75,3.8823528,3.3333333,3.8,3,,3.933333396911621,,2.8125,8,3.4117646,5.882352828979492,,1.70588231086731,,,,,1.625,,6.294117450714111,6.117647171020508,6.647059,5.0588236,6.625,6.3125,4.4705882,,4.25,,4.882352828979492,,4.7647057,5.8235292,,,4.2666669,4.6875,,,,,,,,,5.357142925262451,,3.1538463,,4.800000190734863,,5.153846263885498,3.153846263885498,,,2.8461537,1.7857143,2.6666667,1.875,1,7.4000001,,,,,,2025.1
2024,16,1,1,1602,SAP,11320,30.3,107,2022,24.77000045776367,5,,3.736842155456543,3.684210538864136,7.3684211,4,4.2727275,4.736842155456543,5.0526314,4.7272725,5.75,5.736842155456543,3.6315789,5,4.6923075,2.5,,3.666666746139526,,3,7.789473533630371,,6.400000095367432,,,,2.1111112,2.375,1,3,,6.947368621826172,5.5789475440979,5.7894735,5.4444447,6,,4.5,,5.25,,4.888888835906982,,3.7,5.3000002,3.1111112,6.1111112,3.4444444,5.2857141,,,,,,,,,6.111111164093018,,,,,,,3.599999904632568,,1.6666666,,2.7142856,.91666669,2.6666667,2,,4.1666665,1.125,,,,2025.1
1999,16,1,1,1603,C,11810,5.1,5.1999998,1998,6,11,0,5.666666507720947,5.666666507720947,,,,7,,,,3.666666746139526,4.375,4.4444442,,,,,,,,,,,,,,,,,,,,,,,,,,,,,,,,,,,,,,,,,,4,2,,4,,,4.800000190734863,5.714285850524902,3.833333253860474,3.714285612106323,,,,,,,,,,,,,,2025.1
2002,16,1,1,1603,C,11810,6.2,6.3000002,2002,6,11,0,5.58,5.58,,,,6.25,,,,4.42,4.7333336,4.4444447,,,,,,,,,,,,,,,,,,,,,,,,,,,,,,,,,,,,,,,,,,3.2,,4.17,4.44,,3.91,5.2,5.67,4.7,3.5,,,,,,,,,,,,,,2025.1
2006,16,1,1,1603,C,11810,7.9,8.3000002,2006,6.300000190734863,11,.5,6.33,7.22,,,,5.38,,,,5.55,5.1666665,4.27,,7.110000133514404,7.110000133514404,7.21999979019165,6.75,6.21999979019165,5.78000020980835,,6.21999979019165,7,3.329999923706055,6.670000076293945,,,,3.670000076293945,5.21999979019165,5.559999942779541,6.559999942779541,,6,,,5.1300001,3.75,4.670000076293945,4.289999961853027,6.78000020980835,7.380000114440918,,,,,,2.5,6.4299998,,,5.1100001,4.5599999,,4.67,,6.11,,,,6.14,,,5.38,5.67,,,,,,,,,,,,,2025.1
2010,16,1,1,1603,C,11810,6.6,6.5999999,2010,5.46999979019165,11,1,7,7.285714149475098,,,,5,,,,5.733333110809326,5.333333,4.1333332,,7.428571224212646,7.142857074737549,7.5,7.307692527770996,6.142857074737549,5.928571224212646,,6.214285850524902,5.714285850524902,3,5.307692527770996,,,,3.692307710647583,4.071428775787354,4.5,4.785714149475098,,4.4166665,4.5833335,,,,4.75,4.07692289352417,6.428571224212646,6.071428775787354,4.2142859,6.3571429,,,,2.8571429,6,2.9285715,5.0714288,,,1.2,4.692307472229004,,6.066666603088379,,,,5.785714149475098,,,5.466666698455811,5.866666793823242,,,,,,,,,,,,,2025.1
2014,16,1,1,1603,C,11810,6.1,6.3000002,2014,6.5,11,.5,7.238095283508301,7.666666507720947,7.4761906,,,3.047619104385376,5.7619047,,,5.409090995788574,3.9545455,4.25,,6.684210300445557,,8.05555534362793,,6.222222328186035,,7.3684211,4.666666507720947,,2,,,,,2.235294103622437,,1.944444417953491,,,2.6315789,,,3,,3.3125,,6.947368621826172,,3.6842105,,,,,3,,3.3125,,,,1.3181819,5,,5.526315689086914,,3.4117646,,5,,,5.05555534362793,5.411764621734619,,,,,2.0526316,1.8888888,,,,13,5,18,2025.1
2019,16,1,1,1603,C,11810,8.6,8.8999996,2018,10.78,11,0,6.823529243469238,8,7.352941,2.1111112,2.2,2.235294103622437,7.5625,1.25,1.625,6.058823585510254,4.5294118,2.6666667,2.9000001,7.588235378265381,,8.6875,,6.75,5.333333492279053,7.2352943,4.647058963775635,,.7647058963775635,,,,,2,,1.941176414489746,7.764705657958984,2.0588236,2.4705882,7.1875,2.25,2,,2.375,,7.411764621734619,,3.8823528,7.4117646,,,2.0666666,3.625,,,,,,,,,6.428571224212646,,3.8461537,,5,,4.538461685180664,3.846153736114502,,,2.5833333,1.7142857,3.1333334,1.875,.9285714,6.0666666,,,,,,2025.1
2024,16,1,1,1603,C,11810,6.7,24,2022,7.289999961853027,11,,5.947368621826172,7.842105388641357,7,2.5,2.090909,2.947368383407593,6.6315789,2.4000001,2.375,6.105263233184814,4.5263157,3.5,3.1538463,7.5,,8.533333778381348,,6.5789475440979,5.368421077728271,,3.099999904632568,,,,2.4444444,1.25,.8888889,2.5,,3.421052694320679,6.157894611358643,3.3157895,3.3157895,6,,2.9000001,,3.090909004211426,,6.777777671813965,,2.5,7.5,2.8888888,7.2222223,1.2222222,4.2857141,,,,,,,,,6.44444465637207,,,,,,,4.400000095367432,,2.6666667,,2.1428571,2.5454545,2.1666667,1.7777778,,4.3333335,1,,,,2025.1
1999,16,1,1,1604,FP,11420,4.7,4.9000001,1998,13.89999961853027,3,0,6.888888835906982,7.55555534362793,,,,3.125,,,,6.55555534362793,7.1875,.55555552,,,,,,,,,,,,,,,,,,,,,,,,,,,,,,,,,,,,,,,,,,6.666666507720947,5.875,,3.166666746139526,,,4.800000190734863,6.428571224212646,6.166666507720947,6.714285850524902,,,,,,,,,,,,,,2025.1
2002,16,1,1,1604,FP,11420,13.4,13.8,2002,13.89999961853027,3,0,6.25,7.67,,,,2.82,,,,7,8.333333,1.4777777,,,,,,,,,,,,,,,,,,,,,,,,,,,,,,,,,,,,,,,,,,6.58,,6.58,3.9,,1.5,4,5.92,5.5,6.58,,,,,,,,,,,,,,2025.1
2006,16,1,1,1604,FP,11420,7.5,8,2006,9.899999618530273,3,.5,6.67,7.44,,,,3.56,,,,7,7.2666669,1.1799999,,7,7.21999979019165,8,7.75,6.440000057220459,6,,7.329999923706055,7.78000020980835,2.670000076293945,7.559999942779541,,,,2.25,4.380000114440918,5.78000020980835,7.559999942779541,,5.8800001,,,3.25,4.1300001,4.110000133514404,5.139999866485596,2.440000057220459,5,,,,,,5.6300001,4.8600001,,,6.6700001,6,,5.78,,6.78,,,,5.43,,,6.5,6.11,,,,,,,,,,,,,2025.1
2010,16,1,1,1604,FP,11420,7.1,6.9000001,2010,13.57999992370605,3,1,7.071428298950195,7.571428298950195,,,,3.692307472229004,,,,6.866666793823242,8.8888893,1.4,,7.428571224212646,7.285714149475098,7.928571224212646,7.153846263885498,6.285714149475098,5.928571224212646,,6.071428775787354,7,1.769230723381042,5.92307710647583,,,,2.769230842590332,4.285714149475098,4.714285850524902,5.857142925262451,,3.9166667,5.6666665,,,,4,5.230769157409668,3.214285612106323,3.785714387893677,5.6428571,5.1428571,,,,5.090909,3.6666667,2.5,6.1428571,,,1,6.142857074737549,,6.666666507720947,,,,5.5,,,6.533333301544189,6.199999809265137,,,,,,,,,,,,,2025.1
2014,16,1,1,1604,FP,11420,5.4,5.4000001,2014,9.9,3,.5,7.047618865966797,7.476190567016602,7.0952382,,,3.142857074737549,5.6666665,,,6.909090995788574,6.4545455,1.4285715,,6.4210524559021,,7.722222328186035,,6,,7.1052632,5.111111164093018,,1.894736886024475,,,,,2.117647171020508,,2.166666746139526,,,3,,,2.7777777,,3.375,,3.842105150222778,,5.6315789,,,,,5.5999999,,2.2105262,,,,1.0454545,6.058823585510254,,6.526315689086914,,4.5294118,,5.199999809265137,,,6.44444465637207,5.736842155456543,,,,,1.9473684,1.8333334,,,,13,5,8,2025.1
2019,16,1,1,1604,L,11420,5.5,5.6999998,2018,4.13,3,0,6.529411792755127,7.117647171020508,7,2,2.2,3.235294103622437,6.3125,2.125,1.5,6.882352828979492,7.352941,1.3333334,.89999998,7.25,,8,,6.25,5.3125,6.8823528,6.294117450714111,,1,,,,,1.733333349227905,,4.5,6.529411792755127,3.4117646,4.4705882,6.5625,3.1875,2.5294118,,3.375,,3.941176414489746,,5.4117646,5.0588236,,,1.6666666,4.9375,,,,,,,,,6.928571224212646,,4.8461537,,4.800000190734863,,5.307692527770996,5.461538314819336,,,3,1.6428572,3,1.75,.85714287,6.4285712,,,,,,2025.1
2024,16,1,1,1604,L,11420,4.6,16,2022,4.380000114440918,3,,6.736842155456543,7.315789699554443,6.4736843,2.5714285,3.3636363,4.473684310913086,5.8421054,4.9000001,5,6.842105388641357,6.9473686,2.8333333,1.5384616,6.75,,7.333333492279053,,6.263157844543457,5.4210524559021,,5.699999809265137,,,,2.8888888,2.125,1.2222222,2.666666746139526,,6.789473533630371,5.947368621826172,5.6842103,6.1578946,6.6842103,,3.9000001,,5.545454502105713,,3.875,,6.1999998,4.9000001,4.1111112,6.2222223,1.4444444,4.7142859,,,,,,,,,6.777777671813965,,,,,,,5.199999809265137,,.66666669,,4.2857141,1.3636364,2.1666667,1.5555556,,4.5,1.125,,,,2025.1
1999,16,1,1,1605,M,11620,22.8999996185303,23.5,1998,20.70000076293945,2,0,7.666666507720947,8.333333015441895,,,,6,,,,6.111111164093018,5.9375,2.2222221,,,,,,,,,,,,,,,,,,,,,,,,,,,,,,,,,,,,,,,,,,4.222222328186035,5,,3,,,3.799999952316284,5.571428775787354,4.833333492279053,6.142857074737549,,,,,,,,,,,,,,2025.1
2002,16,1,1,1605,M,11620,15.3,15.8,2002,20.70000076293945,2,0,7.75,8.630000000000001,,,,4.64,,,,6.33,6.9333329,2.5,,,,,,,,,,,,,,,,,,,,,,,,,,,,,,,,,,,,,,,,,,4.5,,6.33,3.3,,3.08,4.1,5,5.83,5.92,,,,,,,,,,,,,,2025.1
2006,16,1,1,1605,M,11620,26.1,27.799999,2006,18.20000076293945,2,.5,7.56,7.89,,,,6,,,,6.18,4.8333335,2.3599999,,7.78000020980835,7.670000076293945,8.109999656677246,7.630000114440918,6.78000020980835,6.440000057220459,,7.78000020980835,7.78000020980835,3.779999971389771,6.329999923706055,,,,3.559999942779541,4.78000020980835,5.670000076293945,6.670000076293945,,6.25,,,4.1300001,3.8800001,4.889999866485596,4.139999866485596,2.890000104904175,5,,,,,,5.8800001,5,,,6.5599999,6.4400001,,4.56,,6.44,,,,5.14,,,5.75,5.78,,,,,,,,,,,,,2025.1
2010,16,1,1,1605,M,11620,30.1,30.700001,2010,18.82999992370605,2,1,7.285714149475098,7.5,,,,5.214285850524902,,,,6.333333492279053,6.4444447,2.2666667,,7.571428775787354,8,7.285714149475098,7,6.428571224212646,6.071428775787354,,7.142857074737549,6.857142925262451,3.214285612106323,5.142857074737549,,,,3.461538553237915,3.928571462631226,5.357142925262451,5,,4.3333335,4.5833335,,,,4.461538314819336,4.07692289352417,3,3.428571462631226,5.9285712,4.6428571,,,,5.1666665,3.8461537,2.7857144,5.9285712,,,1.0666667,4.615384578704834,,6.333333492279053,,,,5.071428775787354,,,5.933333396911621,6,,,,,,,,,,,,,2025.1
2014,16,1,1,1605,M,11620,23.3,24.1,2014,13.7,2,.5,7.428571224212646,7.666666507720947,8.4761906,,,4.666666507720947,4.6666665,,,6.363636493682861,4.818182,2.5238094,,6.842105388641357,,7.5,,6.722222328186035,,7.3684211,6.5,,3.21052622795105,,,,,3.111111164093018,,2.611111164093018,,,3.2631578,,,3.8888888,,3.875,,3.421052694320679,,6.1578946,,,,,6.1333332,,2.5263157,,,,1.0909091,5.058823585510254,,6.4210524559021,,4.0588236,,4.714285850524902,,,5.888888835906982,5.611111164093018,,,,,1.7368422,1.7647059,,,,13,5,17,2025.1
2019,16,1,1,1605,M,11620,19.8,20.1,2018,16.83,2,0,7.705882549285889,7.705882549285889,7.5294118,3,3.2,5.941176414489746,6.3125,4.375,3.25,6.058823585510254,4.9411764,2,3.4000001,8.352941513061523,,8.1875,,7.1875,5.3125,7.5882354,8.647058486938477,,2.8125,,,,,3.0625,,8,7.470588207244873,4,6.8235292,7.1875,3.5625,5.5294118,,5,,4.058823585510254,,6.4705882,4.2352943,,,2.5999999,5.3333335,,,,,,,,,6.5,,3.7692308,,4.099999904632568,,4.615384578704834,4,,,3.1538463,2.5714285,2.5333333,2.25,1,7.7333331,,,,,,2025.1
2024,16,1,1,1605,M,11620,19.1,68,2022,17.53000068664551,2,,7.5789475440979,7.894736766815186,7.4736843,2.5,2.4545455,6.473684310913086,6.7368422,3.6363637,4.375,5.736842155456543,4.5263157,3.8333333,4.1538463,8,,8.266666412353516,,7.315789699554443,5.894736766815186,,8.699999809265137,,,,4.8888888,3.75,2.625,3,,8.473684310913086,8.210526466369629,2.8947368,8.0526314,8,,7.0999999,,7.181818008422852,,3.666666746139526,,7.5999999,3.5999999,6.1111112,4.5555553,2.2222223,5.7142859,,,,,,,,,6.333333492279053,,,,,,,4,,1,,5.2857141,.91666669,2.3333333,1.4444444,,5.1666665,1.125,,,,2025.1
1999,16,1,1,1606,KD,11520,11.8000001907349,12,1998,7.599999904632568,4,0,7.25,6.666666507720947,,,,8.125,,,,5.666666507720947,5,3.6111112,,,,,,,,,,,,,,,,,,,,,,,,,,,,,,,,,,,,,,,,,,5,3.625,,4.199999809265137,,,4.75,6.166666507720947,5.400000095367432,5.333333492279053,,,,,,,,,,,,,,2025.1
2002,16,1,1,1606,KD,11520,9.1,9.5,2002,7.599999904632568,4,0,7.25,6.92,,,,7.5,,,,5.92,5.2666664,4.1666665,,,,,,,,,,,,,,,,,,,,,,,,,,,,,,,,,,,,,,,,,,4.33,,5.33,4.11,,2.27,4.3,5.64,5.55,4.08,,,,,,,,,,,,,,2025.1
2006,16,1,1,1606,KD,11520,6.6,6.9000001,2006,5.699999809265137,4,.5,6.89,6.89,,,,7.56,,,,5.82,3.9333336,4.1799998,,6.889999866485596,6.670000076293945,7,6.130000114440918,5.670000076293945,5.670000076293945,,7.329999923706055,7.440000057220459,7.21999979019165,8.560000419616699,,,,7.78000020980835,8.329999923706055,5,6.329999923706055,,6.75,,,5.5,3.8800001,4.78000020980835,4.329999923706055,5.440000057220459,5.630000114440918,,,,,,4.75,5.29,,,6.25,4.7800002,,4.5,,5.89,,,,5.43,,,5.25,5.56,,,,,,,,,,,,,2025.1
2010,16,1,1,1606,KD,11520,5.6,5.4000001,2010,4.679999828338623,4,1,7.071428298950195,7.071428298950195,,,,7,,,,5.933333396911621,5.7777777,3.7333333,,7.142857074737549,7.071428775787354,7.214285850524902,6.769230842590332,6.071428775787354,5.857142925262451,,7,6.571428775787354,6.357142925262451,7.5,,,,7.071428775787354,7.285714149475098,4.571428775787354,5,,5.25,5.0833335,,,,4.615384578704834,4.416666507720947,5.214285850524902,4.357142925262451,5.2142859,4.8571429,,,,3.8181818,4.3333335,3.2857144,5.1538463,,,1.2,4.769230842590332,,5.866666793823242,,,,5.357142925262451,,,5.714285850524902,5.666666507720947,,,,,,,,,,,,,2025.1
2014,16,1,1,1606,KD,11520,4.6,4.5999999,2014,5.9,4,.5,7.476190567016602,7.190476417541504,6.1904764,,,6.952381134033203,7.0476189,,,5.863636493682861,4,3.0526316,,6.210526466369629,,7.05555534362793,,6.111111164093018,,6.8421054,6.823529243469238,,6.263157844543457,,,,,6.722222328186035,,2.611111164093018,,,3.8421052,,,4.647059,,3.9375,,5.157894611358643,,5.8421054,,,,,5.1333332,,3.2631578,,,,1.2272727,5,,5.631578922271729,,3.5294118,,4.571428775787354,,,5.44444465637207,5,,,,,2.1052632,1.8888888,,,,13,16,15,2025.1
2019,16,1,1,1606,KD,11520,6.3,6.3000002,2018,8.619999999999999,4,0,7.823529243469238,7.235294342041016,6.0588236,2.7777777,3,7.058823585510254,7.8000002,2.5,3.125,5.823529243469238,4.352941,2.1666667,3.7,6.764705657958984,,7.599999904632568,,6.3125,4.9375,6.7647057,8.235294342041016,,5.117647171020508,,,,,6.0625,,7.823529243469238,7.647058963775635,3.75,7.1764708,7.3333335,3.2,6.2352943,,4.75,,5.25,,6.1176472,4.2352943,,,3.4000001,5,,,,,,,,,6.357142925262451,,3.5384614,,4.5,,4.615384578704834,3.769230842590332,,,2.8333333,3.5,2.7142856,3.4375,1,6.5714288,,,,,,2025.1
2024,16,1,1,1606,KD,11520,5.3,19,2022,5.710000038146973,4,,8,7.263157844543457,5.5789475,2.75,3.4545455,7.789473533630371,7.8421054,3.1818182,2.875,5.352941036224365,4.2105265,5.1666665,4.0833335,6.5,,6.800000190734863,,6.5789475440979,4.736842155456543,,7.900000095367432,,,,6.1111112,5.75,5,6.333333492279053,,8.263157844543457,8,3.3333333,8.5789471,7.6842103,,7.1999998,,6.909090995788574,,5.333333492279053,,7.4000001,3.7,5.8888888,5.4444447,3.5555556,5.8571429,,,,,,,,,5.888888835906982,,,,,,,3.200000047683716,,3,,7.4285712,2.2727273,3.8333333,1.5555556,,5.1666665,2.125,,,,2025.1
1999,16,1,1,1607,MP,11110,4.5,4.5999999,1998,9.5,7,0,3.222222328186035,3.222222328186035,,,,2.75,,,,1.333333373069763,6.25,1.388889,,,,,,,,,,,,,,,,,,,,,,,,,,,,,,,,,,,,,,,,,,4.111111164093018,1.375,,4,,,3.75,6.875,3.333333253860474,1.428571462631226,,,,,,,,,,,,,,2025.1
2002,16,1,1,1607,MP,11110,4.6,4.9000001,2002,9.5,7,0,3.33,3.75,,,,2.42,,,,1.83,6.0999999,1.1999999,,,,,,,,,,,,,,,,,,,,,,,,,,,,,,,,,,,,,,,,,,1.92,,2.17,4.1,,1.9,4,6,2.7,1.33,,,,,,,,,,,,,,2025.1
2006,16,1,1,1607,MP,11110,5.2,5.4000001,2006,6,7,0,3.33,3.33,,,,2.78,,,,2,5.1666665,2.55,,2.559999942779541,6.889999866485596,3.890000104904175,5,2.559999942779541,6.670000076293945,,2.779999971389771,5.889999866485596,3.220000028610229,6.670000076293945,,,,1.559999942779541,2.890000104904175,2.329999923706055,6.329999923706055,,2.25,,,3.5,5.25,2.779999971389771,5.139999866485596,4.78000020980835,5.130000114440918,,,,,,3.8800001,5.8600001,,,1.5599999,6.6700001,,3.44,,3.22,,,,4.71,,,1.67,5.86,,,,,,,,,,,,,2025.1
2010,16,1,1,1607,MP,11110,7.3,7.1999998,2010,11.02000045776367,7,0,3.5,3.642857074737549,,,,2.846153736114502,,,,3.400000095367432,6.6666665,4.8000002,,2.857142925262451,7.285714149475098,3.928571462631226,5.615384578704834,3.214285612106323,6.428571224212646,,2.714285612106323,5.285714149475098,1.285714268684387,6.428571224212646,,,,2.142857074737549,3.928571462631226,1.642857193946838,5.857142925262451,,1.8333334,5.9166665,,,,2.692307710647583,5.461538314819336,4.928571224212646,4.357142925262451,1.0714285,8.8571424,,,,2.9230769,5.5384617,6.7857141,5.9285712,,,2.2,4.384615421295166,,3.333333253860474,,,,4.416666507720947,,,2.733333349227905,5.769230842590332,,,,,,,,,,,,,2025.1
2014,16,1,1,1607,MP,11110,6.9,7.1999998,2014,15.4,7,.5,3.285714387893677,3.523809432983398,4.9523811,,,1.61904764175415,7.1428571,,,4.409090995788574,4.8095236,4.0476189,,2.947368383407593,,3.777777671813965,,3.388888835906982,,3.4210527,2.333333253860474,,.8421052694320679,,,,,1.777777791023254,,.5555555820465088,,,.78947371,,,1.1666666,,1.625,,3.157894849777222,,.36842105,,,,,3.5999999,,6.3684211,,,,1.9090909,4.5625,,4.105263233184814,,2.5333333,,4.692307472229004,,,3.277777671813965,5,,,,,3.5789473,2.1666667,,,,6,13,9,2025.1
2019,16,1,1,1607,MP,11110,4.4,4.5999999,2018,11.52,7,1,3.29411768913269,3.941176414489746,4.352941,3.7777777,4,1.588235259056091,7.8125,1.875,1.125,5.117647171020508,4.5882354,3.5,3.8,3.411764621734619,,3.875,,3,5.875,3.7647059,1.70588231086731,,.4117647111415863,,,,,1.5,,1.3125,8,1.7647059,.88235295,7.25,2,1.0588236,,1.125,,3.764705896377563,,.58823532,9.4705887,,,4.5714288,3.8125,,,,,,,,,4.642857074737549,,3.0833333,,4.900000095367432,,3.923076868057251,2.538461446762085,,,1.5,1.2857143,5.4000001,2,.85714287,3.6666667,,,,,,2025.1
2024,16,1,1,1607,MP,11110,5.1,18,2022,13.85000038146973,7,,2.736842155456543,3.157894849777222,4.6842103,4,3.1818182,1.947368383407593,7.4210525,1.8181819,1.25,5.315789699554443,4.7368422,4,3.6153846,2.75,,3.466666698455811,,2.894736766815186,6.473684310913086,,1.600000023841858,,,,1.7777778,1,.44444445,1.833333373069763,,2.157894849777222,6.105263233184814,1.8823529,1.4736842,6.4736843,,1.7,,1.818181872367859,,4,,.1,9.8000002,.375,9.7777777,4.25,4.4285712,,,,,,,,,5.333333492279053,,,,,,,3,,5.3333335,,1.1428572,5.6666665,2.6666667,1.8888888,,3.3333333,1,,,,2025.1
1999,16,1,1,1608,NyD,11951,,,1998,,1,0,9,8,,,,6,,,,5,3.75,2.5,,,,,,,,,,,,,,,,,,,,,,,,,,,,,,,,,,,,,,,,,,2.5,6,,1,,,4,2.5,2.5,7,,,,,,,,,,,,,,2025.1
2006,16,1,1,1609,JL,,,,2006,14.5,2,0,5.67,5.89,,,,5.14,,,,1.91,8.8000002,.73000002,,5.25,4.630000114440918,6.5,4.570000171661377,5.630000114440918,4.630000114440918,,4.880000114440918,5.130000114440918,4.289999961853027,4.130000114440918,,,,3.329999923706055,2.710000038146973,5.670000076293945,4.139999866485596,,5.25,,,6.1399999,6.71,5,4,5.570000171661377,4,,,,,,4.29,4.5,,,4.6300001,4.3800001,,3.33,,4.44,,,,3.83,,,1.63,5.6,,,,,,,,,,,,,2025.1
2010,16,1,1,1609,JL,,,,2010,3.549999952316284,2,0,5.272727489471436,5.222222328186035,,,,4.199999809265137,,,,2.266666650772095,10,1.5,,5,2.571428537368774,5.333333492279053,3.142857074737549,5.400000095367432,2.857142925262451,,5,4.857142925262451,4,2.799999952316284,,,,4,2.599999904632568,4,2.833333253860474,,5,2.5,,,,5,3.333333253860474,6,2.333333253860474,5.25,2.75,,,,3.75,3.8,5,2.3333333,,,2.8666666,3.099999904632568,,4.181818008422852,,,,3.200000047683716,,,2.299999952316284,4.25,,,,,,,,,,,,,2025.1
2010,16,1,1,1610,SD,11710,5.7,5.6999998,2010,3.269999980926514,1,0,8.384614944458008,5.545454502105713,,,,8.25,,,,1.615384578704834,6.1538458,1.9090909,,5,3.444444417953491,4.714285850524902,2.888888835906982,4.888888835906982,3.444444417953491,,9.300000190734863,8.5,8.769230842590332,7.833333492279053,,,,5.545454502105713,6.099999904632568,9.785714149475098,9.571428298950195,,9.75,9.6923075,,,,8.833333015441895,8.5,5.142857074737549,4.285714149475098,6.3000002,3.25,,,,5.2857141,3.1111112,7.125,5.375,,,2.8199999,2.142857074737549,,2.200000047683716,,,,2,,,2.111111164093018,1.181818127632141,,,,,,,,,,,,,2025.1
2014,16,1,1,1610,SD,11710,12.9,14,2014,9.699999999999999,1,0,7.761904716491699,5.400000095367432,3.4761906,,,9.238095283508301,8.3809528,,,1.272727251052856,6.1363635,.94999999,,4.705882549285889,,4.529411792755127,,4.588235378265381,,4.4705882,9.277777671813965,,8.157895088195801,,,,,5.625,,9.777777671813965,,,9.8421049,,,9.7777777,,9.8125,,7.3125,,7.5,,,,,5.25,,6.352941,,,,3,1.833333373069763,,1.277777791023254,,1.0625,,1.785714268684387,,,1.235294103622437,1.333333373069763,,,,,8.8947372,2.9444444,,,,9,12,11,2025.1
2019,16,1,1,1610,SD,11710,17.5,17.799999,2018,15.34,1,0,8.470588684082031,5.588235378265381,4,4.5,6,8.764705657958984,8.5625,.375,2.375,2.235294103622437,5.1176472,2.3333333,4.9000001,4.764705657958984,,5.333333492279053,,4.6875,4.75,4.8235292,9.470588684082031,,7.125,,,,,3.333333253860474,,9.764705657958984,9.941176414489746,.17647059,9.7647057,9.25,.375,9.6470585,,9.1875,,6.941176414489746,,7.9411764,2.1764705,,,5.8571429,4.8571429,,,,,,,,,2.583333253860474,,1.1818181,,2.900000095367432,,1.230769276618958,1.307692289352417,,,1.3636364,7.875,6.1333332,8.9375,2,9.333333,,,,,,2025.1
2024,16,1,1,1610,SD,11710,20.5,73,2022,13.17000007629395,1,,8.526315689086914,6.315789699554443,3.8421052,3.5714285,6.5454545,9,9.2631578,1.4545455,1.625,2.684210538864136,4.4210525,5,4.4615383,5.5,,4.571428775787354,,5.368421077728271,3.888888835906982,,9.300000190734863,,,,5.7777777,6.75,5.1111112,3.5,,9.947368621826172,9.947368621826172,.52631581,9.8947372,9.6842108,,9.5,,9.416666984558105,,7.111111164093018,,9,4.5999999,8.1111107,5.5555553,6.25,5.2857141,,,,,,,,,3.666666746139526,,,,,,,1,,5.6666665,,9.1428576,5.3333335,8,2.4444444,,6.1666665,4.5,,,,2025.1
2010,16,1,1,1611,PIRAT,,.7,0,2010,7.130000114440918,9,0,5.111111164093018,6.199999809265137,,,,2.125,,,,3.799999952316284,5.333333,2.5,,6,2.333333253860474,7.800000190734863,4.800000190734863,6,1.666666626930237,,1.285714268684387,8.285714149475098,1.399999976158142,5.5,,,,1.666666626930237,3,2.333333253860474,3.200000047683716,,2.5,3,,,,2,2.333333253860474,3.666666746139526,1.799999952316284,4,2.5,,,,4.5,1.75,5,1.3333334,,,2,5.166666507720947,,4.666666507720947,,,,3.333333253860474,,,3.333333253860474,4.5,,,,,,,,,,,,,2025.1
2014,16,1,1,1611,PIRAT,,.4,0,2014,2.2,9,0,5,5.25,4.4499998,,,1.235294103622437,8.3999996,,,3.714285612106323,4.8421054,2.4545455,,5.166666507720947,,6.125,,5.166666507720947,,5.4285712,1,,1.5,,,,,1.333333373069763,,1.5,,,2.2222223,,,1.2307693,,3.166666746139526,,3.857142925262451,,4.6666665,,,,,4,,5.1666665,,,,2.090909,4.300000190734863,,4.111111164093018,,3.1666667,,4.25,,,3.25,4.666666507720947,,,,,8.0625,3.4545455,,,,2,16,1,2025.1
2014,16,1,1,1612,FI,,3.1,0,2014,5.5,9,0,1.809523820877075,1.714285731315613,3.7,,,.8095238208770752,8.3809528,,,3.157894849777222,4.5238094,3.3571429,,1,,1.799999952316284,,1.375,,1.25,2.352941274642944,,.3684210479259491,,,,,1.125,,.4705882370471954,,,.44444445,,,.9375,,1.266666650772095,,2.142857074737549,,1.4666667,,,,,4.125,,7.6923075,,,,2.25,3.900000095367432,,3.099999904632568,,2.125,,3.857142925262451,,,2.181818246841431,4.428571224212646,,,,,7.125,2.5714285,,,,16,2,14,2025.1
2002,20,0,0,2001,NDSV,80902,42.7,50,2001,,3,1,5.64,5.73,,,,5.1,,,,6.45,9.3999996,2.3333333,,,,,,,,,,,,,,,,,,,,,,,,,,,,,,,,,,,,,,,,,,5.4,,6.17,6,,6,6.71,5.5,6.2,5.4,,,,,,,,,,,,,,2025.1
2006,20,0,0,2001,NDSV,80902,22.9,22.1,2005,,3,1,6.08,6.5,,,,4,,,,6.69,9.7333336,.82999998,,6.550000190734863,6.400000095367432,7.300000190734863,6,6.449999809265137,3.799999952316284,,4.829999923706055,4.800000190734863,4.21999979019165,3.25,,,,4.199999809265137,3.130000114440918,5.329999923706055,3.289999961853027,,5.4299998,,,4.7800002,4.1999998,4.75,5,3.099999904632568,5.130000114440918,,,,,,4.8299999,3.3299999,,,6.8200002,5,,5.89,,6.7,,,,7,,,5.91,5,,,,,,,,,,,,,2025.1
2010,20,0,1,2001,NDSV,80902,3.02,0,2009,7.960000038146973,3,0,5.818181991577148,6.181818008422852,,,,4.199999809265137,,,,6.545454502105713,8.333333,1.7777778,,6.099999904632568,5.375,7.125,6.5,6.888888835906982,4.5,,3.400000095367432,6.777777671813965,5.099999904632568,4.099999904632568,,,,4.545454502105713,3.444444417953491,4,3.833333253860474,,4.3333335,3.5,,,,3.222222328186035,5.666666507720947,2.142857074737549,4.875,6.25,3.8571429,,,,3.4285715,3.875,3.5,4.7142859,,,1,6,,6.25,,,,6.888888835906982,,,6.25,5.55555534362793,,,,,,,,,,,,,2025.1
2002,20,0,0,2002,ODS,80411,18.2,21.299999,2001,,2,0,7.18,7.27,,,,4.1,,,,6.91,10,1.2222221,,,,,,,,,,,,,,,,,,,,,,,,,,,,,,,,,,,,,,,,,,5.8,,6.17,5.8,,5.86,6.71,5.67,6,5.5,,,,,,,,,,,,,,2025.1
2006,20,0,0,2002,ODS,80411,7.7,8.3000002,2005,,2,0,7.08,7.5,,,,4.33,,,,6.69,9.166667,1.08,,7,6,7.599999904632568,6.110000133514404,6.730000019073486,3.700000047683716,,4.829999923706055,5.699999809265137,5.099999904632568,3.380000114440918,,,,4.599999904632568,2.880000114440918,5.329999923706055,3.140000104904175,,5.5,,,4.6700001,5.1999998,4.670000076293945,5.449999809265137,3.400000095367432,4.75,,,,,,5.3299999,3.8299999,,,7.6399999,5.27,,5.78,,6.6,,,,6.91,,,6,4.55,,,,,,,,,,,,,2025.1
2010,20,0,1,2002,ODS,80411,3.4,3.2,2009,3.974999904632568,2,0,7,7.454545021057129,,,,3.818181991577148,,,,6.727272510528564,8.666666,.66666669,,7.300000190734863,5.666666507720947,7.75,7.428571224212646,7.099999904632568,5.75,,4.090909004211426,7.111111164093018,4,4.5,,,,4.545454502105713,3.444444417953491,4.166666507720947,3.571428537368774,,5,3.8333333,,,,3.727272748947144,5.599999904632568,1.875,5.375,5.1428571,4.7142859,,,,3.2857144,4.625,3.2857144,5.1428571,,,1,5.714285850524902,,6.625,,,,6.666666507720947,,,6.25,5,,,,,,,,,,,,,2025.1
2014,20,0,1,2002,SDS,80411,1.5,1.7,2014,1.3,2,.5,7.133333206176758,7.6875,8.1764708,,,3.5,5.5625,,,6.647058963775635,7.4705882,1.2307693,,7,,7.571428775787354,,7.647058963775635,,7.8235292,4.5,,3.75,,,,,4.3125,,5.153846263885498,,,4.4285712,,,3.6470587,,4.285714149475098,,3.176470518112183,,5.5999999,,,,,3.7777777,,3.6428571,,,,1,5.071428775787354,,6.400000095367432,,5.4375,,6.666666507720947,,,6.4375,4.599999904632568,,,,,4.5882354,7.647059,,,,8,3,13,2025.1
2024,20,0,1,2002,SDS,80411,0,0,2024,,1,,7,7.307692527770996,7.3333335,1.2857143,3.4666667,6.079999923706055,4.9583335,1.7692307,4.3000002,6.518518447875977,8.0740738,1.6363636,2.7692308,5.461538314819336,,6.818181991577148,,6.083333492279053,4.608695507049561,,4.846153736114502,,,,4,6.3333335,7.0714288,5.090909004211426,,6.476190567016602,4.869565010070801,1.4,6.1904764,4.3499999,,4.5999999,,3.636363744735718,,3.5,,4.9000001,3,5.6363635,3.25,3.3888888,6.1666665,,,,,,,,,6.800000190734863,,,,,,,5.875,,2.5714285,,1.6666666,3.0833333,1.4545455,3.8,,5.4000001,4.8333335,,,,2025.1
2002,20,0,0,2003,KzB,80221,17.1,20,2001,,5,0,2.27,2.72,,,,6.89,,,,6.18,8.5,3.8888888,,,,,,,,,,,,,,,,,,,,,,,,,,,,,,,,,,,,,,,,,,6,,5.6,6.4,,6.43,6.86,5.33,6.25,5.1,,,,,,,,,,,,,,2025.1
2006,20,0,0,2003,KzB,80221,31,34.200001,2005,,5,1,3.31,3.25,,,,5.83,,,,6.46,9.166667,2.6700001,,4.269999980926514,5.5,4.199999809265137,4,3,5.5,,6.329999923706055,5.099999904632568,4.900000095367432,3.630000114440918,,,,3.299999952316284,2.380000114440918,5.21999979019165,2.859999895095825,,6,,,6.1100001,5.1999998,4.670000076293945,5.730000019073486,5.199999809265137,4.880000114440918,,,,,,5.1700001,3.5,,,4.4499998,5,,5.67,,5.9,,,,6.82,,,5.36,4.91,,,,,,,,,,,,,2025.1
2010,20,0,1,2003,KzB,80221,17.7,16.700001,2009,18.5,5,0,3,2.545454502105713,,,,6.272727489471436,,,,6,6.060606,3.5999999,,2.636363744735718,5.900000095367432,2.555555582046509,5.428571224212646,3.400000095367432,6.599999904632568,,5.181818008422852,6,5.699999809265137,4.199999809265137,,,,3.545454502105713,2.700000047683716,5.375,4,,6.5,4.1666665,,,,5.181818008422852,5.800000190734863,6.888888835906982,7,6.125,3.1428571,,,,6.8571429,3.625,5.75,4.25,,,1.5454545,5.5,,5.25,,,,6.400000095367432,,,5.5,4.400000095367432,,,,,,,,,,,,,2025.1
2014,20,0,1,2003,BSP,80221,14.6,15.4,2014,18.9,5,.5,3.6875,3.470588207244873,7.2941175,,,5.9375,4.3125,,,5.294117450714111,6.1176472,5.3125,,3,,3.666666746139526,,3.176470518112183,,3.0588236,5.625,,5.769230842590332,,,,,3.266666650772095,,6.199999809265137,,,5.3571429,,,5.1176472,,4.933333396911621,,6.058823585510254,,6.6666665,,,,,5.6666665,,6.2857141,,,,1.4705882,5.384615421295166,,4.75,,4.125,,6.4375,,,3.529411792755127,3.875,,,,,4.0588236,4.7058825,,,,14,13,17,2025.1
2019,20,0,1,2003,BSP,80221,27.93,33.299999,2017,24.3,5,0,3.25,3,7.3333335,3.4000001,5.2727275,7.142857074737549,6.0476189,5.7692308,2.75,5.099999904632568,5.8000002,4.6363635,5.7777777,3.150000095367432,,3,,3,6.294117450714111,2.7,6.222222328186035,,7.473684310913086,,,,,4.117647171020508,,7.190476417541504,6.095238208770752,3.1578948,7.0555553,5.1666665,2.8947368,7.0999999,,5.25,,5.550000190734863,,6.3000002,3.0952382,,,6.8421054,5.8666668,,,,,,,,,4.949999809265137,,3.5333333,,6.25,,3.277777671813965,3.411764621734619,,,3.8,3.4000001,4.5999999,4.8571429,5.8499999,6.3333335,,,,,,2025.1
2024,20,0,1,2003,BSP,80221,7.32,20,2024,7.010000228881836,5,,3.680000066757202,2.892857074737549,6.7307692,3.3333333,4.0588236,8.15384578704834,7.1923075,3.3333333,2.3,4.428571224212646,4.7142859,5.5999999,4.7142859,4.066666603088379,,2.909090995788574,,3.076923131942749,7.159999847412109,,6.785714149475098,,,,4.5,9,9.1764708,5.25,,7.958333492279053,6.708333492279053,2.4545455,7.3809524,5.318182,,7.7272725,,5.272727489471436,,6.214285850524902,,6.181818,3.9166667,7.5833335,5.6153846,8.1764708,5.7142859,,,,,,,,,4.599999904632568,,,,,,,2.666666746139526,,8.125,,2.0999999,5.1666665,4.1538463,5.8000002,,5.6363635,4.9166665,,,,2025.1
2002,20,0,0,2004,DPS,80951,7.5,8.8000002,2001,,3,1,4.91,4.55,,,,6.11,,,,6.55,8.8000002,1.7777777,,,,,,,,,,,,,,,,,,,,,,,,,,,,,,,,,,,,,,,,,,5.5,,5.83,6,,6.43,6.71,5.33,6.25,5.6,,,,,,,,,,,,,,2025.1
2006,20,0,0,2004,DPS,80951,12.8,14.2,2005,,3,1,4.58,4,,,,7.08,,,,6.33,8.5999994,1.25,,3.730000019073486,5.900000095367432,4.110000133514404,3.559999942779541,3.549999952316284,5.099999904632568,,5.269999980926514,5.300000190734863,6.670000076293945,3.380000114440918,,,,5.400000095367432,4,4.670000076293945,3.430000066757202,,3.1300001,,,5.1399999,5.3299999,2.079999923706055,8.359999656677246,7.699999809265137,6.630000114440918,,,,,,3.8599999,3.5,,,5.73,4.73,,5.78,,5.5,,,,7,,,5.55,6.91,,,,,,,,,,,,,2025.1
2010,20,0,1,2004,DPS,80951,14.5,15.8,2009,14.14000034332275,3,0,4.272727489471436,3.181818008422852,,,,7.636363983154297,,,,5.818181991577148,5.151515,2.75,,3.200000047683716,6,3.125,5.571428775787354,3.5,6.625,,5.599999904632568,5.900000095367432,7,4.125,,,,6.090909004211426,4.699999809265137,5.625,4.714285850524902,,4.5999999,4.6666665,,,,1.181818127632141,9.818181991577148,9.100000381469727,8.800000190734863,7,3,,,,4.5,5.5,5.5714288,3,,,1.1818181,5.599999904632568,,5.142857074737549,,,,6.5,,,5.75,6.727272510528564,,,,,,,,,,,,,2025.1
2014,20,0,1,2004,DPS,80951,14.8,15.8,2014,17.3,3,.5,4.6875,4.352941036224365,6.1176472,,,6.588235378265381,4.4375,,,6,6.7647057,2.0625,,4.5,,4.466666698455811,,4.235294342041016,,4,4.75,,6.214285850524902,,,,,5.25,,4.833333492279053,,,2.6153846,,,4.2352943,,1.200000047683716,,7.411764621734619,,7.25,,,,,3.8333333,,4.8333335,,,,1.1176471,5.307692527770996,,5.25,,4.4375,,6.625,,,5.176470756530762,6.764705657958984,,,,,4.0588236,3.1764705,,,,7,18,11,2025.1
2019,20,0,1,2004,DPS,80951,9.24,10.8,2017,16.6,3,0,4.714285850524902,4.952381134033203,6.5999999,1.2,3.909091,6.142857074737549,5.4761906,2.4166667,3.75,6.25,7.0500002,1.4,3.3333333,4.400000095367432,,5.150000095367432,,4.599999904632568,4.5,4.6999998,4.473684310913086,,5.222222328186035,,,,,5.133333206176758,,5.599999904632568,4.238095283508301,1.4444444,3.8823528,3.8888888,1.3333334,5.1052632,,.75,,7.199999809265137,,6.1500001,2.8,,,5.6842103,3.6666667,,,,,,,,,5.842105388641357,,4.5333333,,6.736842155456543,,4.400000095367432,5,,,4.2222223,3.45,2.8499999,3.0952382,3.25,9.4285717,,,,,,2025.1
2024,20,0,1,2004,APS,,7.23,19,2024,14.65999984741211,3,,4.833333492279053,4.760000228881836,5.4000001,1.125,5.1764708,5.519999980926514,5.0434785,1.3076923,3.8,5.962963104248047,6.2142859,2.2,2.8571429,4.25,,4.727272510528564,,4.71999979019165,5.125,,4.642857074737549,,,,4.3000002,7,6.75,5,,4.954545497894287,4.52173900604248,1.45,2.8181818,4.4285712,,3.3,,1.076923131942749,,7.357142925262451,,4.2727275,2.4166667,4.5,3.0769231,5.6666665,4.1428571,,,,,,,,,6.400000095367432,,,,,,,4.44444465637207,,4.25,,1.3,3.5,2.5,3.4000001,,4.6363635,5.5454545,,,,2025.1
2002,20,0,0,2005,G-VMRO,,3.6,0,2001,,2,0,6.25,6.57,,,,6.43,,,,4.88,5.2333331,2.9666667,,,,,,,,,,,,,,,,,,,,,,,,,,,,,,,,,,,,,,,,,,4.33,,4,6,,6.75,6.25,6,5,3.8,,,,,,,,,,,,,,2025.1
2014,20,0,1,2005,VMRO-BND,,3.1,3.3,2014,5.4,2,0,6.07692289352417,3.733333349227905,4.7647057,,,8.625,7.4375,,,3.3125,4.0588236,2.090909,,3.769230842590332,,3,,2.571428537368774,,3.0714285,8.785714149475098,,9.214285850524902,,,,,6.928571224212646,,9.428571701049805,,,8.7692308,,,9,,9,,6.3125,,7.5384617,,,,,5.5714288,,8.4615383,,,,2.5384614,2.916666746139526,,3,,2.0666666,,4.727272510528564,,,2.599999904632568,1.647058844566345,,,,,8.8823528,6.5333333,,,,12,1,3,2025.1
2019,20,0,1,2005,BMRO,,,,2017,7.4,2,1,6.900000095367432,4.809523582458496,4.5,1.8888888,5.2222223,9.5,8.2380953,1.1666666,.375,3.842105150222778,5.1500001,1.4285715,4.4285712,3.928571462631226,,3,,4.8125,5.5625,3.8235295,9.399999618530273,,9.600000381469727,,,,,7.625,,9.523809432983398,9.047618865966797,.68421054,9.5294113,7.3888888,.78947371,9.5,,9.619047164916992,,5.199999809265137,,7,2.5263157,,,8.7368422,6.7692308,,,,,,,,,3.533333301544189,,2.3125,,5.071428775787354,,1.647058844566345,2.450000047683716,,,4.625,8.5789471,6.9000001,7.3809524,5.2631578,8.8947372,,,,,,2025.1
2002,20,0,0,2006,KSII,,3.4,0,2001,,9,0,6.86,6.29,,,,6.33,,,,5.67,6.6666665,2.8888888,,,,,,,,,,,,,,,,,,,,,,,,,,,,,,,,,,,,,,,,,,6,,6,6,,6.5,7,6,6.5,5.33,,,,,,,,,,,,,,2025.1
2006,20,0,0,2007,NOA,80710,8.199999999999999,8.8000002,2005,,1,0,5.46,3.25,,,,9.17,,,,2.46,5.4666672,1.5,,2.640000104904175,5.599999904632568,3.200000047683716,4.329999923706055,2.269999980926514,6.099999904632568,,9.170000076293945,6.599999904632568,9.399999618530273,6.880000114440918,,,,5.400000095367432,5,8.439999580383301,6.570000171661377,,9,,,9.4399996,7.3000002,8.170000076293945,6.900000095367432,5.5,5.880000114440918,,,,,,5.5,3.6700001,,,1.36,5.73,,3.22,,3,,,,5.09,,,3.3,1,,,,,,,,,,,,,2025.1
2010,20,0,1,2007,NOA,80710,9.4,8.8000002,2009,11.96000003814697,1,0,6.272727489471436,2.900000095367432,,,,9.272727012634277,,,,2.5,4.848485,2,,3.222222328186035,5.5,1.428571462631226,4.833333492279053,2.444444417953491,8.25,,9.272727012634277,8,9.300000190734863,7.199999809265137,,,,6.636363506317139,5.111111164093018,8.625,6.111111164093018,,8.8571424,7.25,,,,9.545454978942871,9.454545021057129,4.125,5.25,7.2857141,2.8571429,,,,6.8571429,4.5,8.25,5.875,,,2.7272727,3,,2.75,,,,5,,,2.285714387893677,1.272727251052856,,,,,,,,,,,,,2025.1
2014,20,0,1,2007,ATAKA,80710,4.5,4.5999999,2014,3,1,0,5.357142925262451,1.4375,5.4705882,,,9.647058486938477,7.5,,,1.5,4.5882354,1.9285715,,2.071428537368774,,.8571428656578064,,1.411764740943909,,1,9.5625,,9.647058486938477,,,,,6.928571224212646,,9.375,,,9.5714283,,,9.8235292,,9.866666793823242,,6.875,,8,,,,,6,,9.2142859,,,,3,2.285714387893677,,1.75,,1.125,,2.916666746139526,,,1.25,1.117647051811218,,,,,9.4705887,6.7647057,,,,12,1,17,2025.1
2019,20,0,1,2007,Ataka,80710,,,2017,1.1,1,.5,6.809523582458496,3.526315689086914,4.3684211,1.4444444,5.0999999,9.619047164916992,8.2857141,.83333331,.375,2.200000047683716,4.4000001,1.875,2.2222223,3.923076868057251,,2.25,,3.1875,6.5625,2.0588236,9.350000381469727,,9.699999809265137,,,,,7.625,,9.761904716491699,9.047618865966797,.68421054,9.6470585,7.3888888,.84210527,9.5500002,,9.699999809265137,,5.07692289352417,,7.6666665,2.3333333,,,8.9473686,7.3846154,,,,,,,,,2.666666746139526,,1.4666667,,4.153846263885498,,1.1875,1.549999952316284,,,4.0526314,8.8500004,8,8.8095236,6,9.333333,,,,,,2025.1
2006,20,0,0,2008,DSB,80610,6.4,7.0999999,2005,,2,0,7.85,7.83,,,,4.5,,,,6.38,8.5999994,1.58,,7.730000019073486,6.199999809265137,8,6.440000057220459,7.179999828338623,3.819999933242798,,5.420000076293945,6.699999809265137,5.400000095367432,3.25,,,,5.300000190734863,3.380000114440918,5.329999923706055,3.569999933242798,,5.8800001,,,5.2199998,5.0999999,5.25,5.909999847412109,3.099999904632568,4.75,,,,,,5.3299999,3.8299999,,,7.8200002,5.4499998,,5.67,,6.6,,,,6.91,,,6,3.27,,,,,,,,,,,,,2025.1
2010,20,0,1,2008,DSB,80610,3.4,3.2,2009,3.974999904632568,2,0,8.083333015441895,8.181818008422852,,,,4.363636493682861,,,,6.454545497894287,7.8787875,.89999998,,8.300000190734863,6.099999904632568,8.222222328186035,8.142857551574707,7.666666507720947,6.125,,4.75,8,4.333333492279053,4.099999904632568,,,,5.300000190734863,4.222222328186035,5,3.714285612106323,,6.1428571,4.5714288,,,,4.699999809265137,6,1.375,4.875,6,4.1428571,,,,3.2857144,4.75,3.8571429,4.7142859,,,1,5.285714149475098,,6.5,,,,6.666666507720947,,,6.142857074737549,4.400000095367432,,,,,,,,,,,,,2025.1
2014,20,0,1,2008,DSB,80610,3.5,3.8,2014,2.9,2,.5,7.5625,8,8.0588236,,,4.117647171020508,5.4375,,,6.588235378265381,7.7647057,1.2857143,,7.466666698455811,,7.933333396911621,,7.882352828979492,,8.0588236,4.705882549285889,,3.9375,,,,,4.8125,,5.153846263885498,,,4.3571429,,,3.4705882,,4.466666698455811,,3.117647171020508,,5.5294118,,,,,3.7777777,,3.5999999,,,,1,4.928571224212646,,6.4375,,5.1176472,,6.666666507720947,,,6.529411792755127,4.400000095367432,,,,,4.5882354,7.7058825,,,,3,8,5,2025.1
2019,20,0,1,2008,DSB,80610,2.54,0,2017,6.1,2,0,7.449999809265137,7.949999809265137,7.3000002,2,3.4545455,4.684210300445557,6.4000001,2.6666667,3.1428571,6.823529243469238,8.7368422,1.8,.77777779,6.650000095367432,,7.550000190734863,,6.599999904632568,5.666666507720947,8.1000004,4,,4.631578922271729,,,,,3.9375,,5.449999809265137,4.349999904632568,2.3333333,5.0526314,4.8333335,2.4117646,3.6842105,,3.833333253860474,,2.388888835906982,,4.9000001,4.75,,,2.0555556,2.2307692,,,,,,,,,6.5789475440979,,5.5,,6,,4.9375,5.777777671813965,,,7.0526314,2.5555556,2.7,4.6999998,8,5.25,,,,,,2025.1
2006,20,0,0,2009,BNS,,5.2,5.4000001,2005,,9,0,5.8,6,,,,5.44,,,,6,7.2666669,1.73,,5.670000076293945,5,6,4.570000171661377,5.110000133514404,4.5,,5.699999809265137,5,4.880000114440918,3,,,,4.139999866485596,2.670000076293945,5.570000171661377,3.829999923706055,,5.4299998,,,6,4.4299998,4.889999866485596,5.110000133514404,6.880000114440918,6.329999923706055,,,,,,5,3.5,,,6.8899999,5,,5.38,,6.13,,,,6.67,,,6,4,,,,,,,,,,,,,2025.1
2010,20,0,1,2009,BNS,,,,2009,,9,0,6.142857074737549,5.625,,,,6.142857074737549,,,,6,6.1904764,2,,4.875,5,5.5,4.333333492279053,5.5,5,,5.5,4.666666507720947,6.599999904632568,4.400000095367432,,,,4.199999809265137,2.75,5.333333492279053,3.5,,6.3333335,3.6666667,,,,5.400000095367432,6,6.400000095367432,6,5.5,3.5,,,,4.6666665,3.8,5.5,3,,,2.7272727,4,,4.800000190734863,,,,5.5,,,5.199999809265137,3.714285612106323,,,,,,,,,,,,,2025.1
2010,20,0,1,2010,GERB,80510,39.72,48.299999,2009,24.36000061035156,2,1,6.083333492279053,6.272727489471436,,,,6.909090995788574,,,,6.727272510528564,9.090909,.5,,5.818181991577148,5.300000190734863,6.222222328186035,5.285714149475098,6,5.800000190734863,,8.833333015441895,8.5,7,4.222222328186035,,,,4.909090995788574,2.900000095367432,6.44444465637207,4.857142925262451,,7,4.1666665,,,,5.636363506317139,5.300000190734863,3.875,4.875,6.75,3.4285715,,,,4.625,4.4444447,3.875,4,,,1,5.714285850524902,,6.25,,,,6.699999809265137,,,6.25,5,,,,,,,,,,,,,2025.1
2014,20,0,1,2010,GERB,80510,32.7,35,2014,30.4,2,.5,6.5,7,8.1176472,,,5.117647171020508,4.25,,,6.764705657958984,8.8235292,.66666669,,6.571428775787354,,7,,6.882352828979492,,6.2352943,5.941176414489746,,5.466666698455811,,,,,5.285714149475098,,6.266666889190674,,,5.2857141,,,5.0588236,,4.733333110809326,,3.941176414489746,,6.5625,,,,,4.4444447,,3.2,,,,1,5.357142925262451,,6.3125,,5.5294118,,6.9375,,,5.875,4.823529243469238,,,,,4.9411764,6.4705882,,,,8,3,13,2025.1
2019,20,0,1,2010,GERB,80510,33.54,39.599998,2017,31.1,2,1,6.095238208770752,6.095238208770752,8,1.8,5.3636365,5.761904716491699,4.5714288,5.3076925,4.375,6.550000190734863,8.6000004,2.1818182,3.1111112,5.333333492279053,,6,,5.904761791229248,4.666666507720947,5.7619047,6.736842155456543,,5.894736766815186,,,,,5.470588207244873,,6.809523582458496,5.714285850524902,2.5263157,6.3333335,5.0555553,2.1578948,5.8499999,,4.599999904632568,,3.700000047683716,,5.9523811,2.8571429,,,4.2105265,5.9333334,,,,,,,,,6.449999809265137,,5.2666669,,6.699999809265137,,4.44444465637207,5.44444465637207,,,5.4499998,2.4000001,4.0476189,2.4285715,4.9499998,8.8571424,,,,,,2025.1
2024,20,0,1,2010,GERB,80510,25.52,69,2024,23.54999923706055,2,,6.440000057220459,6.642857074737549,7.4230771,2.375,3.9411764,6.42307710647583,5,2.8125,5.0999999,6.428571224212646,8.0357141,1.7272727,2.9285715,5.466666698455811,,6.181818008422852,,5.961538314819336,4.679999828338623,,5.785714149475098,,,,3.5454545,6.1111112,7.5,5.25,,6.333333492279053,5.039999961853027,1.5909091,6.0434785,4.409091,,5.090909,,3.666666746139526,,4.642857074737549,,5.0833335,2.6923077,5,3.3846154,4.352941,7.2857141,,,,,,,,,6.800000190734863,,,,,,,5.44444465637207,,3.375,,1.9,3.4166667,2.2307692,3,,6.4545455,5.8333335,,,,2025.1
2010,20,0,1,2011,L,,3.3,0,2009,5.699999809265137,2,0,6,4.428571224212646,,,,8.199999809265137,,,,4,2.2222221,7,,5.166666507720947,4.833333492279053,5.5,4.75,4.5,4,,6,4.5,7.199999809265137,4,,,,4.5,2.5,5,3.333333253860474,,5,2.5,,,,5.333333492279053,4,6,2.75,8,2.4000001,,,,2,0,5,1.6666666,,,2,3.5,,3,,,,5,,,3,2,,,,,,,,,,,,,2025.1
2010,20,0,1,2012,RZS,,4.1,4.1999998,2009,4.670000076293945,2,0,6.5,4.166666507720947,,,,8,,,,4.222222328186035,3.6666663,4.4000001,,3.400000095367432,4.714285850524902,4.25,4.5,4.166666507720947,4.199999809265137,,7.900000095367432,7.111111164093018,8,6.222222328186035,,,,6.599999904632568,3.857142925262451,8.333333015441895,4.857142925262451,,7.25,5,,,,6.800000190734863,6.666666507720947,5,3.666666746139526,6,3.3333333,,,,7,3.8,6.6666665,4.5999999,,,2.909091,4,,4,,,,5.199999809265137,,,3.400000095367432,2.666666746139526,,,,,,,,,,,,,2025.1
2014,20,0,1,2013,DBG,,2.7,2.9000001,2014,2.2,9,.5,6.133333206176758,6.533333301544189,7.1176472,,,3.588235378265381,5.5,,,6.75,8.625,1.3125,,6.071428775787354,,7.071428775787354,,6.599999904632568,,6.75,4,,3.142857074737549,,,,,3.928571462631226,,4.538461685180664,,,3.7692308,,,3,,4.071428775787354,,3,,5.1999998,,,,,3.9000001,,3.5,,,,1.0588236,5.615384578704834,,6.428571224212646,,5.7333331,,6.800000190734863,,,6.599999904632568,4.916666507720947,,,,,4.7058825,7.6875,,,,8,3,13,2025.1
2014,20,0,1,2014,NFSB,,4.2,4.5999999,2014,3.1,2,0,6.857142925262451,4.266666889190674,5.1764708,,,8,7.125,,,3,4.647059,2.1428571,,4.083333492279053,,3.076923131942749,,3,,3.7333333,8.5625,,8.25,,,,,6.571428775787354,,9.133333206176758,,,9.0714283,,,8.8125,,8.928571701049805,,5.9375,,7.25,,,,,5.7142859,,8,,,,2.375,3,,3.466666698455811,,2.2,,5.083333492279053,,,2.9375,1.75,,,,,8.375,6.5882354,,,,12,1,9,2025.1
2019,20,0,1,2014,NFSB,,9.31,11.3,2017,1.2,2,1,7.349999904632568,5.473684310913086,4.5882354,2.125,5.5999999,8.899999618530273,7.8947368,1.1666666,.42857143,3.947368383407593,4.9473686,2,3.875,4.071428775787354,,3.785714387893677,,5.400000095367432,5.333333492279053,4.7647057,9.222222328186035,,9.44444465637207,,,,,7.199999809265137,,9.526315689086914,8.736842155456543,.88235295,9.1176472,7,.88235295,8.8421049,,9.44444465637207,,5.307692527770996,,7.4285712,2.7222223,,,8.2222223,6.25,,,,,,,,,4.533333301544189,,2.7142856,,5.153846263885498,,1.75,2.70588231086731,,,5.875,8.6111107,6.6111112,7.4736843,5.5555553,9.1764708,,,,,,2025.1
2014,20,0,1,2015,BBT,,5.7,6.3000002,2014,5.4,9,0,6.083333492279053,3.900000095367432,6.5625,,,7.454545497894287,6.0625,,,4.533333301544189,5,3.4615386,,4.166666507720947,,3.5,,3,,3.4615386,8.357142448425293,,7.92307710647583,,,,,5.181818008422852,,8.800000190734863,,,7.8000002,,,8,,8.454545021057129,,6.230769157409668,,7.4166665,,,,,4.5714288,,8.375,,,,1.9230769,4.090909004211426,,3.700000047683716,,3.5,,5.166666507720947,,,3.444444417953491,2.400000095367432,,,,,8.8235292,7.125,,,,1,3,17,2025.1
2014,20,0,1,2016,ABV,,4.2,4.5999999,2014,4,5,.5,3.466666698455811,3.375,6.375,,,5.375,5.5333333,,,5.647058963775635,6.1176472,3.1538463,,3.066666603088379,,3.692307710647583,,3.133333444595337,,3.5625,5.333333492279053,,5.785714149475098,,,,,3.714285612106323,,6.461538314819336,,,5.2307692,,,5.25,,5.785714149475098,,5.533333301544189,,6.5,,,,,4.75,,6.1666665,,,,1.375,4.928571224212646,,4.800000190734863,,4.5,,6,,,4.625,4.07692289352417,,,,,6.1875,5.8000002,,,,14,17,13,2025.1
2019,20,0,1,2017,Volya,,4.26,5,2017,3.6,1,0,5.55555534362793,5.375,5.3333335,1.75,5.8888888,8.526315689086914,4.7058825,2.3,2.3333333,3.5,3.9285715,2.1666667,5.125,5.357142925262451,,5.066666603088379,,5.176470756530762,4.933333396911621,5.1764708,7.5625,,8.3125,,,,,6.111111164093018,,8.05555534362793,5.823529243469238,1.25,7.9375,4.2666669,1.5333333,7.9411764,,7.5,,4.083333492279053,,7,2.6875,,,7.3125,5.4444447,,,,,,,,,4.5,,2.25,,5,,2.5,2.769230842590332,,,3.25,5.6875,6.8235292,8.3500004,5.6842103,9.25,,,,,,2025.1
2019,20,0,1,2018,DB,,2.96,0,2017,,7,0,6.050000190734863,6.777777671813965,6.8000002,3.6666667,4.181818,2.799999952316284,6.4499998,2.7272727,3.4285715,6.8125,9.0555553,1.8,.77777779,5.150000095367432,,5.849999904632568,,5.550000190734863,4.875,6.4499998,2.368421077728271,,2.263157844543457,,,,,1.875,,4.25,3.849999904632568,2.7333333,3.4736843,4.8333335,2.7058823,2.1052632,,2.578947305679321,,2.473684310913086,,3.2105262,6.4000001,,,2.2222223,1.7857143,,,,,,,,,6.666666507720947,,5.5714288,,6.05555534362793,,5.3125,5.833333492279053,,,6.8947368,1.6111112,2.9000001,5.0999999,8.3157892,4.0500002,,,,,,2025.1
2024,20,0,1,2018,DB,,6.8,18,2024,7.224999904632568,7,,6.28000020980835,6.785714149475098,7.6538463,2.6666667,2.1764705,3.423076868057251,5.9230771,3.1333334,2.9000001,6.928571224212646,9.1428576,1.4545455,1.2857143,4.800000190734863,,6.909090995788574,,6,5.519999980926514,,2.642857074737549,,,,2.4545455,2.4444444,5.0666666,3.545454502105713,,4.958333492279053,4.458333492279053,1.9090909,3.6666667,4.6363635,,2,,2.272727251052856,,1.846153855323792,,2.9166667,4.5384617,2.5,4.6153846,2.6875,3.8571429,,,,,,,,,6.800000190734863,,,,,,,5.888888835906982,,2.25,,1.3,2.25,3,9.8000002,,2.3636363,.92307693,,,,2025.1
2019,20,0,1,2019,Slavi Trifonov,,,,2017,,9,0,5.666666507720947,4.333333492279053,4,3,9,6.44444465637207,5.6666665,3.75,4.6666665,4.375,3.625,1,7,5.875,,5.333333492279053,,3.5,4.5,5.8333335,6.375,,5.625,,,,,4.333333492279053,,7.142857074737549,3.833333253860474,3,6.5,4.5999999,2.75,5.875,,4.375,,3.333333253860474,,5,2.1111112,,,6.5,5.4000001,,,,,,,,,4.833333492279053,,3,,4.75,,2.571428537368774,3.142857074737549,,,3.25,3.8,9.7222223,9.4736843,8.1999998,9.2142859,,,,,,2025.1
2024,20,0,1,2019,ITN,,6.56,18,2024,6.039999961853027,1,,6.639999866485596,5.111111164093018,4.7199998,1.7777778,5.8333335,8,6.8000002,1.5,3.2,4.370370388031006,4.8076925,2.5454545,5.2307692,5.666666507720947,,5.199999809265137,,5.5,4.952381134033203,,7.538461685180664,,,,5.375,8.666667,8.7647057,5.25,,8.608695983886719,6.5,1.3809524,7.8499999,5.2272725,,7.0999999,,7.666666507720947,,4.833333492279053,,6.5555553,3.909091,7.5,4.8333335,7.7058825,6,,,,,,,,,4,,,,,,,2.555555582046509,,6.125,,3.5,8.6923075,8.0769234,7,,6.1999998,4.3636365,,,,2025.1
2024,20,0,1,2020,Vazrazhdane,,12.92,35,2024,13.97999954223633,1,,8.199999809265137,3.839999914169312,4.8846154,1.5,5.9411764,9.692307472229004,8.6000004,.5,1.2,1.464285731315613,5.6785712,2.4000001,1.3076923,4.461538314819336,,3.5,,3.571428537368774,6.52173900604248,,9.285714149475098,,,,7.4000001,10,9.5882349,6.75,,9.560000419616699,9.038461685180664,.54545456,9.652174,7,,9.909091,,9.538461685180664,,6.230769157409668,,7.5999999,4.5454545,9.083333,5.3076925,8.7894735,6.3333335,,,,,,,,,1.5,,,,,,,1.222222208976746,,9,,5.6999998,8.3846149,9.8461542,5.4000001,,8.181818,6.090909,,,,2025.1
2024,20,0,1,2021,PP,,6.9,19,2024,7.224999904632568,7,,5.119999885559082,5.107142925262451,7.7692308,3,3.1764705,3.192307710647583,6,3.4666667,3.2,6.892857074737549,9.1071424,1.4545455,1.5714285,4.466666698455811,,5.454545497894287,,4.615384578704834,6.239999771118164,,2.571428537368774,,,,2.090909,3,4.6666665,3.799999952316284,,4.625,4.333333492279053,2.2272727,3.7083333,4.681818,,2.2727273,,2.666666746139526,,2.384615421295166,,3,4.6923075,2.6666667,4.6923075,2.8823528,4,,,,,,,,,6.800000190734863,,,,,,,5.777777671813965,,2.5,,1.2,2.5833333,3.5384614,9.8000002,,3.090909,1.1538461,,,,2025.1
2024,20,0,1,2022,DPS - Novo nachalo,,11.17,30,2024,,3,,5.25,5.458333492279053,5.9200001,.83333331,5.1176472,5.956521511077881,4.6363635,1.5,5.5,5.814815044403076,6.7037039,2.4000001,2.5384614,4.333333492279053,,5.199999809265137,,4.916666507720947,5.217391490936279,,6,,,,3.5,6.875,7.181818,4.777777671813965,,5.611111164093018,3.950000047683716,1.6666666,3.2631578,4.4444447,,3.5555556,,.75,,7.357142925262451,,4.875,2.0999999,4.2727275,3.5833333,5.5625,4,,,,,,,,,6.400000095367432,,,,,,,4.5,,3.625,,1.2,3.75,4.3076925,2,,6.3000002,7.3636365,,,,2025.1
2024,20,0,1,2023,MECh,,4.44,12,2024,2.539999961853027,1,,5.894736766815186,4.133333206176758,4.3499999,.83333331,6.6153846,8.458333015441895,6.3499999,.69230771,3.125,3.227272748947144,4.1666665,2.2857144,4.6363635,6.375,,3.428571462631226,,4.5,5.75,,8.692307472229004,,,,6.5714288,8.375,9.3076925,5.300000190734863,,8.850000381469727,7.199999809265137,1.0555556,8.7894735,5.0555553,,8.5555553,,7.818181991577148,,5.599999904632568,,7.6666665,3.5,7.375,2.5,8.7142859,6,,,,,,,,,2.333333253860474,,,,,,,2.285714387893677,,6.75,,3.5555556,7.5,10,7.5999999,,8.1111107,6.5555553,,,,2025.1
2024,20,0,1,2024,Velichie,,3.87,0,2024,4.070000171661377,1,,6.300000190734863,4.235294342041016,3.7,3.5,7.25,8.82608699798584,6.6190476,1.3571428,3.8571429,2.769230842590332,3.75,3.8888888,5.75,5.666666507720947,,4.5,,4.529411792755127,5.647058963775635,,8.769230842590332,,,,6.3333335,9.5,9.0714283,6.272727489471436,,8.952381134033203,7.17391300201416,1.5454545,8.9499998,5,,8.6999998,,8.727272987365723,,7.727272510528564,,7.5,3.7777777,8.2857141,3.3636363,8.8235292,6,,,,,,,,,2.5,,,,,,,2.142857074737549,,7.875,,4.1111112,8.272727,10,7.1999998,,8.25,6.5555553,,,,2025.1
2002,21,0,0,2101,CSSD,82320,30.2,35,2002,,5,1,3.33,3,,,,4.69,,,,6.44,9.166667,2.4111111,,,,,,,,,,,,,,,,,,,,,,,,,,,,,,,,,,,,,,,,,,5.56,,5.5,5.89,,5.29,6.39,5.71,5.62,5.83,,,,,,,,,,,,,,2025.1
2006,21,0,1,2101,CSSD,82320,32.3,37,2006,8.800000190734863,5,.5,3.43,3.29,,,,4.86,,,,5.88,7.9333339,3,,2.710000038146973,5.829999923706055,4,6.5,3.5,7.199999809265137,,5.199999809265137,4.800000190734863,3.599999904632568,3.799999952316284,,,,2,2,5.25,3.75,,5.5,,,5.1999998,3.5,4.5,3.5,3.400000095367432,2.400000095367432,,,,,,5.25,5,,,3.4000001,5.4000001,,5.29,,6,,,,6.29,,,5.86,5.25,,,,,,,,,,,,,2025.1
2010,21,0,1,2101,CSSD,82320,22.1,28,2010,22.3799991607666,5,0,2.894736766815186,2.526315689086914,,,,3.5789475440979,,,,6.157894611358643,6.6666665,1.7222222,,2.29411768913269,7.117647171020508,2.8125,5.117647171020508,2.3125,7.529411792755127,,5.470588207244873,4.882352828979492,2.647058725357056,4.3125,,,,2.117647171020508,3,5.800000190734863,3.599999904632568,,5.3333335,3.7142856,,,,5.5,4.176470756530762,3.625,3.200000047683716,5.7058825,4.3125,,,,4.5333333,4.352941,5.875,4.647059,,,1,5.5,,5.526315689086914,,,,6.333333492279053,,,5.631578922271729,4.357142925262451,,,,,,,,,,,,,2025.1
2014,21,0,1,2101,CSSD,82320,20.5,25,2013,14.2,5,.5,3.142857074737549,2.714285612106323,7.8571429,,,4.428571224212646,3.1428571,,,6.066666603088379,5.7333331,2.9230769,,2.636363744735718,,3.833333253860474,,2.846153736114502,,2.8461537,4.833333492279053,,3.307692289352417,,,,,2.769230842590332,,4.333333492279053,,,4.25,,,5.0769229,,4.692307472229004,,4.916666507720947,,5.6923075,,,,,4.5,,4.5833335,,,,1,5.416666507720947,,5.384615421295166,,5.2142859,,6.428571224212646,,,5.642857074737549,4.166666507720947,,,,,1.5,5.2307692,,,,14,13,17,2025.1
2019,21,0,1,2101,CSSD,82320,7.27,7.5,2017,3.95,5,1,2.740740776062012,2.592592477798462,7.2962961,3.8571429,2.8499999,4.92307710647583,5.1153846,6.4545455,4.1999998,5.740740776062012,5.5925927,4.2307692,4.6428571,2.222222328186035,,2.653846263885498,,2.440000057220459,7.960000038146973,2.3703704,5.440000057220459,,3.807692289352417,,,,,2.458333253860474,,7.192307472229004,5.740740776062012,4.6399999,6.3846154,4.5599999,4.0869565,5.2962961,,4.42307710647583,,5.28000020980835,,5.8800001,3.8076923,,,6.0833335,5.375,,,,,,,,,5.480000019073486,,4.625,,5.818181991577148,,3.153846263885498,4.71999979019165,,,4.0769229,5,4.1999998,3.2307692,4.3703704,6.0769229,,,,,,2025.1
2024,21,0,1,2101,SOCDEM,,4.66,0,2021,1.860000014305115,5,,2.769230842590332,2.390244007110596,6.7894735,3,2.2777777,4.783783912658691,4.6388888,4.7857141,4.3684211,5.07317066192627,4.8717947,3.6315789,4.25,3.117647171020508,,2.733333349227905,,2.090909004211426,7.75,,5.111111164093018,,,,2.5833333,4.5625,3.6875,2.125,,5.941176414489746,4.78787899017334,4.0625,5.967742,4.5862069,,5.2105265,,4.1875,,5,,4.8000002,4.6666665,5.7647057,4.25,6.5882354,5.1666665,,,,,,,,,4.599999904632568,,,,,,,3.599999904632568,,6.0999999,,2.6111112,4.4761906,5.9166665,4.5,,4.9166665,2.5294118,,,,2025.1
2002,21,0,0,2102,ODS,82413,24.5,29,2002,,2,0,7.08,7.64,,,,3.89,,,,3.78,7.4000001,4.3777781,,,,,,,,,,,,,,,,,,,,,,,,,,,,,,,,,,,,,,,,,,2.17,,4.17,2.11,,1.94,3.41,2.35,2.53,2.11,,,,,,,,,,,,,,2025.1
2006,21,0,1,2102,ODS,82413,35.4,40.5,2006,30,2,.5,7.71,8,,,,3.75,,,,2.89,7.5,5.5,,8,8.170000076293945,8.329999923706055,8.329999923706055,7.670000076293945,4.800000190734863,,4.400000095367432,5.400000095367432,3.799999952316284,3.599999904632568,,,,2.799999952316284,1.799999952316284,5.25,3,,6.25,,,5.8000002,4.75,5,2.25,3.200000047683716,2.400000095367432,,,,,,6.5,3.75,,,7.5999999,5.5999999,,2.29,,6.43,,,,4.29,,,2.14,6,,,,,,,,,,,,,2025.1
2010,21,0,1,2102,ODS,82413,20.2,26.5,2010,31.45000076293945,2,1,7.736842155456543,8.263157844543457,,,,6.111111164093018,,,,3,6.4912281,5.2222223,,8.235294342041016,8.235294342041016,8.25,8,8.25,7.470588207244873,,5.705882549285889,4.882352828979492,5.411764621734619,4.0625,,,,3.764705896377563,3.470588207244873,6.533333301544189,3.666666746139526,,7.5999999,3.6428571,,,,7.25,4.235294342041016,2,2.733333349227905,8.0588236,4.3125,,,,6.3333335,4.0588236,2,6.1176472,,,1.9473684,2.833333253860474,,6.210526466369629,,,,4.611111164093018,,,2.315789461135864,4.8125,,,,,,,,,,,,,2025.1
2014,21,0,1,2102,ODS,82413,7.7,8,2013,7.7,2,0,8,8.142857551574707,7.8571429,,,6,5.2142859,,,2.866666555404663,6.6666665,3.6153846,,8.181818008422852,,7.5,,7.916666507720947,,7.9166665,5.083333492279053,,5.5,,,,,5.230769157409668,,7.875,,,7.4166665,,,7.4615383,,6.666666507720947,,3.416666746139526,,7.5384617,,,,,6.3636365,,2.4166667,,,,2.2,2.583333253860474,,6.153846263885498,,1.9285715,,4,,,3,4.333333492279053,,,,,2.1538463,3.1538463,,,,5,13,12,2025.1
2019,21,0,1,2102,ODS,82413,11.32,12.5,2017,14.54,2,0,7.777777671813965,7.703703880310059,8.6296301,.85714287,1.7,7.037036895751953,6,3.4545455,3.2,3.777777671813965,6.0370369,2.9230769,4.4285712,7.888888835906982,,8.34615421295166,,7.884615421295166,7.599999904632568,8.0740738,5.185184955596924,,6.692307472229004,,,,,4.559999942779541,,8.44444465637207,6.518518447875977,2,8.0740738,5.1538463,2.1304348,7.2222223,,6.769230842590332,,3.230769157409668,,8.1481485,3.6153846,,,3.4000001,5.8400002,,,,,,,,,6.119999885559082,,1.75,,3.954545497894287,,1.703703761100769,2.208333253860474,,,5.8461537,5.6538463,1.3846154,3,6.1111112,6.4615383,,,,,,2025.1
2024,21,0,1,2102,ODS,82413,13.31,34,2021,11.14000034332275,2,,7.125,7.243902206420898,7.8536587,3.2380953,3.3888888,6.512195110321045,5.7631578,4.7647057,3.4761906,4,5.860465,5.173913,5,6.352941036224365,,6.875,,7.171428680419922,7.22857141494751,,5.526315689086914,,,,5.8571429,6.2222223,6.3888888,4.533333301544189,,7.128205299377441,5.973684310913086,3.2702703,7.647059,5.3030305,,6.5,,6.3125,,3.307692289352417,,6,5.1764708,7.1111112,5.8823528,3.8499999,6.5384617,,,,,,,,,5.916666507720947,,,,,,,2.583333253860474,,1.3333334,,3,1.7272727,2.4615386,4.25,,5.3333335,3.0588236,,,,2025.1
2002,21,0,0,2103,KSCM,82220,18.5,20.5,2002,,6,0,.91,.86,,,,7.82,,,,2.72,5,3.3999999,,,,,,,,,,,,,,,,,,,,,,,,,,,,,,,,,,,,,,,,,,2.73,,2.24,3.63,,4.69,4.5,4.25,2,1.76,,,,,,,,,,,,,,2025.1
2006,21,0,1,2103,KSCM,82220,12.8,13,2006,20.29999923706055,6,0,.86,1,,,,7.67,,,,2.5,5.8333335,2,,.5,6.170000076293945,1.169999957084656,6.329999923706055,.5,9.399999618530273,,6.75,4.5,4.75,3,,,,.800000011920929,4.199999809265137,5,2.75,,6.6700001,,,5.75,5.75,5,5,3.599999904632568,3,,,,,,5.75,3.75,,,.40000001,6.8000002,,2.6,,2.57,,,,4.5,,,2,4,,,,,,,,,,,,,2025.1
2010,21,0,1,2103,KSCM,82220,11.3,13,2010,14.18000030517578,6,0,1.105263233184814,.5789474248886108,,,,5.666666507720947,,,,2.526315689086914,4.5614038,2.0555556,,1,6.882352828979492,.5625,4.882352828979492,.625,8.117647171020508,,7.25,5.470588207244873,4.823529243469238,3.8125,,,,.5882353186607361,3.941176414489746,7,4,,6.8666668,3.8571429,,,,6.266666889190674,4.0625,5.466666698455811,4.400000095367432,6.9375,3.2666667,,,,6.3571429,3.4375,8.5625,6.7647057,,,2.6315789,3.277777671813965,,2.777777671813965,,,,4.941176414489746,,,2.21052622795105,3.769230842590332,,,,,,,,,,,,,2025.1
2014,21,0,1,2103,KSCM,82220,14.9,16.5,2013,11,6,0,1.071428537368774,1,7.2857141,,,6.571428775787354,3.6153846,,,2.733333349227905,4.3333335,3.2307692,,1.090909123420715,,2.083333253860474,,.8461538553237915,,.61538464,7,,5.692307472229004,,,,,.4615384638309479,,6.666666507720947,,,6.8000002,,,7.6153846,,6.181818008422852,,6.083333492279053,,6.9166665,,,,,6.3000002,,8.416667,,,,2.4666667,4,,2.692307710647583,,2.3846154,,5.5,,,2.5,3.285714387893677,,,,,5.6923075,5.4615383,,,,14,17,13,2025.1
2019,21,0,1,2103,KSCM,82220,7.76,7.5,2017,6.94,6,0,1.14814817905426,1.038461565971375,7,.42857143,1.65,8.074073791503906,6.6923075,2.5,1.8666667,2.370370388031006,5,2.5384614,3.9285715,1.370370388031006,,.9615384340286255,,1.384615421295166,8.520000457763672,1.037037,8.625,,7.153846263885498,,,,,1.153846144676208,,8.960000038146973,6.740740776062012,1.25,8.8461542,5.4400001,1.5652174,7.9629631,,7.153846263885498,,6.038461685180664,,7.7083335,2.1538463,,,8.5384617,6.652174,,,,,,,,,2.759999990463257,,1.6666666,,4.428571224212646,,1.879999995231628,1.639999985694885,,,3.52,6.6399999,5.2692308,6.814815,4.6538463,7.5769229,,,,,,2025.1
2024,21,0,1,2103,KSCM,82220,3.61,0,2021,9.560000419616699,6,,1.078947424888611,.7560975551605225,7.219512,.90476191,2.3333333,8,6.3589745,1.1875,2.6315789,1.477272748947144,6.1627908,1.1363636,2.3333333,2.941176414489746,,1.133333325386047,,1.5,8.823529243469238,,8.684210777282715,,,,5.6923075,7.7222223,7.9375,.8235294222831726,,9.333333015441895,7.54054069519043,.87878788,8.9444447,6.46875,,8.75,,7.4375,,6.307692527770996,,8,4.4117646,8.5,4.6666665,8.9473686,7.818182,,,,,,,,,2.666666746139526,,,,,,,1,,9.166667,,5.1111112,5.6500001,9.2307692,4.181818,,7.5,5.9333334,,,,2025.1
2002,21,0,0,2104,KDU-CSL,82523,10.29,11,2002,,4,1,4.86,7.92,,,,7.56,,,,6.44,8.9000006,2.2888889,,,,,,,,,,,,,,,,,,,,,,,,,,,,,,,,,,,,,,,,,,5.44,,5.35,5.53,,5.53,6.29,5.59,5.15,5.61,,,,,,,,,,,,,,2025.1
2006,21,0,1,2104,KDU-CSL,82523,7.2,6.5,2006,9.600000381469727,4,.5,5.71,5.71,,,,7.17,,,,5.75,7.5,2.4300001,,5,6.329999923706055,5.829999923706055,6.670000076293945,4.829999923706055,5.800000190734863,,7,7.199999809265137,7.599999904632568,7.199999809265137,,,,6.800000190734863,7.599999904632568,4.5,4.5,,7,,,5.1999998,6,6.199999809265137,5.599999904632568,7.400000095367432,6.599999904632568,,,,,,4.25,4.5,,,5.4000001,4.5999999,,5.17,,6.14,,,,5.86,,,5.43,3.33,,,,,,,,,,,,,2025.1
2010,21,0,1,2104,KDU-CSL,82523,4.4,0,2010,7.639999866485596,4,0,5.263157844543457,4.842105388641357,,,,8,,,,6.052631378173828,6.4912281,1.6666666,,4.4375,5.5625,4.5,4.8125,4.1875,5.941176414489746,,7.375,6.411764621734619,8.411765098571777,7.375,,,,8,7.647058963775635,6.599999904632568,4.199999809265137,,7.9333334,5.0714288,,,,7.066666603088379,4.1875,7.625,6.800000190734863,6.1875,4.4666667,,,,3.9333334,4.9411764,4.0625,4.2352943,,,1.2631578,5.529411792755127,,5.5,,,,6.176470756530762,,,5.647058963775635,2.333333253860474,,,,,,,,,,,,,2025.1
2014,21,0,1,2104,KDU-CSL,82523,6.8,7,2013,10,4,.5,5.928571224212646,5.571428775787354,6.2142859,,,7.642857074737549,7.2142859,,,6.5,6.4000001,1.3846154,,4.900000095367432,,4.833333492279053,,4.916666507720947,,4.7692308,7.333333492279053,,8.15384578704834,,,,,9.15384578704834,,7,,,7.7272725,,,5.0769229,,5.75,,8,,4.5833335,,,,,3.8181818,,3,,,,1,5.75,,6.07692289352417,,5.3846154,,6.357142925262451,,,6,2.5,,,,,2.4615386,5.5384617,,,,13,14,15,2025.1
2019,21,0,1,2104,KDU-CSL,82523,5.8,5,2017,7.24,4,0,5.888888835906982,5.538461685180664,5.8888888,2.4285715,2.9000001,7.777777671813965,7.6538463,3,2.1333334,6.222222328186035,6.3333335,2.1538463,2.1428571,4.692307472229004,,4.71999979019165,,4.458333492279053,5.880000114440918,4.6538463,6,,7.666666507720947,,,,,8.5,,6.653846263885498,5.925925731658936,3.28,7.1111112,5.0799999,2.875,5.8888888,,5.538461685180664,,7.230769157409668,,5.52,4.0769229,,,5.4583335,4.8000002,,,,,,,,,6.083333492279053,,4.7083335,,5.909090995788574,,3.279999971389771,4.960000038146973,,,5.1599998,4.8846154,3.0799999,2.8461537,5.2592592,6.3200002,,,,,,2025.1
2024,21,0,1,2104,KDU-CSL,82523,9,23,2021,3.776999950408936,4,,6,5.365853786468506,5.875,3.6500001,4.1111112,7.849999904632568,7.3000002,3.4117646,2.2857144,5.909090995788574,5.8139534,2.3333333,3.2222223,4.470588207244873,,5,,4.742856979370117,5.969696998596191,,5.894736766815186,,,,5.0714288,8.2222223,8.4444447,8.166666984558105,,6.513513565063477,5.416666507720947,3.2058823,7.1944447,4.6969695,,5.9499998,,6,,7.466666698455811,,4.647059,5.3125,5.2222223,4.9411764,5.5500002,4.2666669,,,,,,,,,5.083333492279053,,,,,,,4.833333492279053,,2,,3.6666667,3.3636363,2,4,,4.0833335,2.1764705,,,,2025.1
2002,21,0,0,2105,US-DEU,,4.15,4.5,2002,,2,0,6.78,7.53,,,,2.58,,,,6.83,9.8000002,1.3555555,,,,,,,,,,,,,,,,,,,,,,,,,,,,,,,,,,,,,,,,,,5.67,,6.11,4.72,,3.47,5.72,5.47,5.38,5.67,,,,,,,,,,,,,,2025.1
2006,21,0,1,2106,SNK-ED,,2.1,,2006,11,2,0,6.67,7.2,,,,2.8,,,,6.5,8.7666674,1.29,,7,6.599999904632568,7.400000095367432,7.199999809265137,7,5.25,,3.25,6.5,3.25,4,,,,2.75,2.329999923706055,3.670000076293945,4,,3,,,3,4.6700001,2.670000076293945,5,3,4,,,,,,2.6700001,6,,,6.3299999,6,,6.2,,6.5,,,,6.33,,,6,4.25,,,,,,,,,,,,,2025.1
2006,21,0,1,2107,SZ,82110,6.3,3,2006,3.200000047683716,7,0,4.86,5.17,,,,2,,,,6.25,7.9333339,2,,5.670000076293945,5.829999923706055,6.170000076293945,6.670000076293945,5.670000076293945,4.599999904632568,,2.400000095367432,7.199999809265137,3,6.800000190734863,,,,2,2.799999952316284,4.75,4.75,,2.4000001,,,3.4000001,5.75,3.400000095367432,7.199999809265137,4.5,3.799999952316284,,,,,,4,5.75,,,4,6.1999998,,6.17,,6,,,,6,,,5.83,4.8,,,,,,,,,,,,,2025.1
2010,21,0,1,2107,SZ,82110,2.4,0,2010,2.059999942779541,7,0,5.333333492279053,5.210526466369629,,,,1.684210538864136,,,,6.705882549285889,9.0740747,1.1176471,,4.599999904632568,5.294117450714111,4.666666507720947,4.933333396911621,4.714285850524902,4.470588207244873,,2.764705896377563,5.6875,.7647058963775635,6.8125,,,,1.941176414489746,3.117647171020508,3.133333444595337,4.400000095367432,,1.8571428,4.7142859,,,,2.75,5.588235378265381,3.266666650772095,3.857142925262451,2.3529413,9.125,,,,2.1333334,5,5.4000001,4.8235292,,,1.1578947,6.400000095367432,,5.823529243469238,,,,6.4375,,,6.05555534362793,5.25,,,,,,,,,,,,,2025.1
2014,21,0,1,2107,SZ,82110,3.2,0,2013,3.8,7,0,3.857142925262451,3.714285612106323,4.8571429,,,1.285714268684387,7.7142859,,,6.571428775787354,6.6666665,2.1538463,,4.5,,4.272727489471436,,4.090909004211426,,3.8333333,2.25,,1.461538434028625,,,,,2.083333253860474,,1.333333373069763,,,1.2727273,,,1.9230769,,1.615384578704834,,2.916666746139526,,.84615386,,,,,3.0999999,,4.818182,,,,1,5.909090995788574,,5.461538314819336,,5.5384617,,5.92307710647583,,,5.714285850524902,5,,,,,5.8461537,7,,,,6,16,2,2025.1
2006,21,0,1,2108,Nezavisl,,,,2006,8.199999809265137,9,0,5.5,4.5,,,,4.75,,,,4,8.333333,1.5,,5,6.329999923706055,,,,,,6.329999923706055,7.670000076293945,4,3.670000076293945,,,,,,,,,,,,,,,,,,,,,,,,,,,,,,5,,5.67,,,,5.5,,,5,,,,,,,,,,,,,,2025.1
2010,21,0,1,2109,TOP09,82530,16.7,20.5,2010,,2,1,7.894737243652344,8.368420600891113,,,,5.833333492279053,,,,5.777777671813965,6.4705882,2,,8.941176414489746,8.8125,8.875,8.529411315917969,8.75,7.529411792755127,,5.266666889190674,5.3125,5.1875,4.75,,,,4.764705657958984,4.1875,5.384615421295166,3.666666746139526,,5.9230771,3.7142856,,,,5.785714149475098,4.133333206176758,2.538461446762085,3.933333396911621,6.8823528,4.5999999,,,,4.1875,4.4000001,2.625,5.647059,,,1.3157895,5.199999809265137,,6.529411792755127,,,,6,,,5.588235378265381,4.363636493682861,,,,,,,,,,,,,2025.1
2014,21,0,1,2109,TOP09,82530,12,10.5,2013,12,2,0,7.214285850524902,7.857142925262451,7.7142859,,,5.5,4.5714288,,,6.666666507720947,6.6428571,1.4615384,,7.909090995788574,,7.25,,7.615384578704834,,7.6923075,4.083333492279053,,4.384615421295166,,,,,6.769230842590332,,5,,,6,,,3.7692308,,4.75,,3.333333253860474,,6.25,,,,,4,,2.25,,,,1,5.666666507720947,,6.615384578704834,,5.2307692,,6.083333492279053,,,6.307692527770996,3.583333253860474,,,,,1.9230769,5.0769229,,,,13,5,10,2025.1
2019,21,0,1,2109,TOP09,82530,5.31,3.5,2017,11.65,2,0,7.407407283782959,7.333333492279053,7.5925927,1.7142857,1.75,4.851851940155029,6.2692308,4.090909,2.4666667,6.666666507720947,7.4814816,1.3076923,1.5,7.269230842590332,,7.760000228881836,,7.416666507720947,6.039999961853027,7.6153846,3.440000057220459,,3.692307710647583,,,,,5.400000095367432,,4.760000228881836,5.440000057220459,2.3333333,5.1153846,4.375,2.6086957,3.6296296,,3.720000028610229,,2.958333253860474,,5.375,5.04,,,2.76,4.3600001,,,,,,,,,6.599999904632568,,5.409091,,5.761904716491699,,4.5,5.25,,,7.375,2.9200001,2.4583333,2.52,6.3461537,6.5,,,,,,2025.1
2024,21,0,1,2109,TOP09,82530,5.48,14,2021,7.420000076293945,2,,6.875,7.292683124542236,6.780488,2.8,2.5555556,4.243902206420898,6.4615383,3.2,2.2,6.487804889678955,7.3720932,1,1.8888888,6.470588207244873,,6.75,,6.970588207244873,6.176470756530762,,3.684210538864136,,,,3.6428571,2.9444444,3.1666667,4.4375,,5.102564334869385,5.243243217468262,2.7777777,5.3611112,4.6666665,,3.4000001,,4.3125,,2.857142925262451,,3.5882354,5.5,4.4117646,5.7647057,3.05,5.0769229,,,,,,,,,5.916666507720947,,,,,,,5.833333492279053,,1.25,,2,2.590909,1.8461539,4.8333335,,3.5833333,1.2941177,,,,2025.1
2010,21,0,1,2110,VV,82952,10.9,12,2010,2.400000095367432,3,1,5.888888835906982,5.894736766815186,,,,4.3125,,,,4.916666507720947,3.0555553,2.4444444,,5.5,5.928571224212646,5.357142925262451,5.4375,5.583333492279053,4.692307472229004,,7.588235378265381,6.875,4.615384578704834,4.07692289352417,,,,3.090909004211426,2.272727251052856,6.615384578704834,4.642857074737549,,6.6153846,4.1428571,,,,6.866666793823242,5.199999809265137,2.166666746139526,3.384615421295166,7,3.4545455,,,,3.2666667,4.4166665,4.6363635,4.3333335,,,2.5263157,4.142857074737549,,5.333333492279053,,,,5.599999904632568,,,4.44444465637207,3.714285612106323,,,,,,,,,,,,,2025.1
2014,21,0,1,2111,ANO2011,82430,18.7,23.5,2013,16.1,9,.5,5.785714149475098,6.357142925262451,7.6428571,,,4.454545497894287,2.7857144,,,5.199999809265137,4.1999998,3,,5.909090995788574,,6.300000190734863,,5.615384578704834,,5.9166665,4.833333492279053,,3.846153736114502,,,,,4,,5.857142925262451,,,5,,,4.818182,,5,,4.166666507720947,,6.4166665,,,,,5.2222223,,4.4444447,,,,1.2,4.583333492279053,,5.92307710647583,,4.3846154,,6.07692289352417,,,5.181818008422852,4,,,,,7.7692308,8.5384617,,,,1,3,13,2025.1
2019,21,0,1,2111,ANO2011,82430,29.64,39,2017,21.18,9,1,4.692307472229004,4.5,7.7407408,2.2857144,5.5,5.730769157409668,4.0384617,4.090909,5.5333333,4.481481552124023,4.9259257,2.8461537,6.7857141,4.192307472229004,,5,,3.846153736114502,6.28000020980835,3.8888888,6.192307472229004,,4.880000114440918,,,,,2.839999914169312,,8.5,6.92307710647583,2.125,8.1599998,4.8800001,2.347826,6.5925927,,6.346153736114502,,5.28000020980835,,7.3461537,2.52,,,5.9200001,6.7083335,,,,,,,,,5.791666507720947,,2.7826087,,5.909090995788574,,1.888888835906982,3.041666746139526,,,3.24,5.4615383,3.8,6.3076925,5.7307692,9.8076925,,,,,,2025.1
2024,21,0,1,2111,ANO2011,82430,27.13,72,2021,26.13999938964844,9,,4.216216087341309,3.799999952316284,7.609756,2.3333333,6.7222223,6.949999809265137,5.6052632,3.4666667,4.7619047,3.068181753158569,5.2790699,2.2608695,6.7222223,5.4375,,4.733333110809326,,3.799999952316284,7.657142639160156,,6.947368621826172,,,,6.2142859,6.5555553,5.8823528,2.692307710647583,,8.84615421295166,7.512820720672607,1.6052631,8.583333,6.3939395,,7.8499999,,7.533333301544189,,6.692307472229004,,7.6666665,5.1176472,7.4444447,5.5882354,6.7368422,7.2727275,,,,,,,,,4.916666507720947,,,,,,,1.727272748947144,,6.5833335,,4.4444447,5.0999999,8.3846149,4.5454545,,8.083333,4.2352943,,,,2025.1
2014,21,0,1,2112,USVIT,82720,6.9,7,2013,3.1,1,0,7.692307472229004,5.333333492279053,4,,,7.714285850524902,6.2307692,,,2.266666650772095,4.0666666,2.4166667,,4,,4.428571224212646,,4,,5.5,8.583333015441895,,8.181818008422852,,,,,3.166666746139526,,9.399999618530273,,,9.666667,,,9.2307692,,9.615385055541992,,6.428571224212646,,6.5555553,,,,,4.1666665,,6.6999998,,,,2.5,2.555555582046509,,3.5,,1.9,,3.818181753158569,,,2.625,1.571428537368774,,,,,9.4615383,8.6153851,,,,1,9,7,2025.1
2014,21,0,1,2113,SVOBODNI,,2.5,0,2013,5.2,3,0,8.714285850524902,9.230769157409668,6.9285712,,,4.857142925262451,6.2857141,,,1.333333373069763,7.6666665,.75,,9.5,,9.363636016845703,,9,,9.5,3.299999952316284,,4.699999809265137,,,,,3.5,,7.625,,,7.7272725,,,7.6666665,,6.833333492279053,,3.25,,8.181818,,,,,4.8888888,,5.1111112,,,,2.8666666,1.333333373069763,,5.166666507720947,,1.3076923,,2.25,,,1.461538434028625,3.125,,,,,7,6,,,,8,5,13,2025.1
2019,21,0,1,2114,Pirates,,10.79,11,2017,13.95,9,0,4.28000020980835,4.346153736114502,5.6538463,3.8571429,4.1052632,1,7.6923075,3.090909,1.1333333,6.115384578704834,6,3.0769231,3,3.538461446762085,,4.239999771118164,,4.217391490936279,4.5,4.375,1.703703761100769,,.9615384340286255,,,,,1.791666626930237,,3.583333253860474,4.666666507720947,2.7272727,3.6400001,3.826087,2.5238094,2.1481481,,2.400000095367432,,2.076923131942749,,2.6923077,6.7407408,,,3.5714285,3.1428571,,,,,,,,,5.880000114440918,,4.909091,,5.285714149475098,,4.875,5.090909004211426,,,6.5652175,1.5,7.1538463,5.7692308,8.0740738,2.8,,,,,,2025.1
2024,21,0,1,2114,Pirates,,1.69,4,2021,6.199999809265137,7,,4.199999809265137,4.435897350311279,5.5749998,5,4.8823528,1.585365891456604,7.4000001,2.8125,1.3809524,6.409090995788574,6.5348835,2.3181818,2.4444444,3.588235378265381,,5.066666603088379,,4.40625,5.323529243469238,,1.888888835906982,,,,1.6428572,.8888889,1.1111112,1.529411792755127,,3.315789461135864,5.052631378173828,2.7837837,3.1142857,4.875,,1.6,,2.411764621734619,,2.615384578704834,,2.4705882,6.4375,2.3333333,7.2941175,3.3157895,3.5714285,,,,,,,,,6.25,,,,,,,5.727272510528564,,1.8333334,,1.7777778,6.2857141,4.4615383,7.1666665,,3,1.0588236,,,,2025.1
2019,21,0,1,2115,SPD,,10.64,11,2017,9.140000000000001,1,0,8.84615421295166,4.666666507720947,4.2307692,1.2857143,4.6111112,9.370369911193848,8.2692308,1.5454545,1,1.481481432914734,7.3333335,1.0769231,1.8571428,4.25,,3.611111164093018,,4.136363506317139,5.08695650100708,3.3636363,9.307692527770996,,9.230769157409668,,,,,3.78947377204895,,9.851851463317871,9.615385055541992,.26923078,9.8888893,8.4230766,.29166666,9.7407408,,9.740740776062012,,6.34782600402832,,8.863636,2.375,,,8.695652,7.1666665,,,,,,,,,2.857142925262451,,1.16,,3.555555582046509,,1.222222208976746,1.159999966621399,,,3.9166667,9.5384617,8.333333,9.0370369,7.5,9.6923075,,,,,,2025.1
2024,21,0,1,2115,SPD,,9.56,20,2021,5.730000019073486,1,,8.75,4.102564334869385,5.2682929,1.2857143,6,9.439023971557617,8.3076925,1.2941177,1.2380953,1.113636374473572,7.4883723,.43478259,1.0555556,5.357142925262451,,4.846153736114502,,4.323529243469238,6.599999904632568,,9.157895088195801,,,,7.6153846,9.333333,9.5,4.153846263885498,,9.923076629638672,9.79487133026123,1.0526316,9.7567568,8.71875,,9.8500004,,9.764705657958984,,6.166666507720947,,8.833333,5.1764708,8.833333,6.9375,8.9499998,8.25,,,,,,,,,3.333333253860474,,,,,,,1,,8.545455,,8.6111107,8.045455,9.4615383,5.5454545,,8,5.4000001,,,,2025.1
2019,21,0,1,2116,STAN,,5.18,3,2017,,3,0,6.269230842590332,6.57692289352417,6.2399998,1.4285715,2.0555556,4.07692289352417,5.4583335,3.5555556,2.3571429,6.518518447875977,6.9230771,1.3333334,1.4615384,6.041666507720947,,6.541666507720947,,6.208333492279053,5.159999847412109,6.3846154,3.65217399597168,,3.319999933242798,,,,,4.291666507720947,,5.083333492279053,4.333333492279053,2.1904762,4.7272725,3.5714285,2.4285715,3.826087,,3.952380895614624,,6.440000057220459,,4.4761906,5.1666665,,,3.8,2.6923077,,,,,,,,,6.4347825050354,,5.3684211,,6.047618865966797,,4.571428775787354,5.136363506317139,,,6.1904764,2.5217392,3.9545455,2.826087,6.2916665,5.5454545,,,,,,2025.1
2024,21,0,1,2116,STAN,,13.9,33,2021,8.699999809265137,3,,5.800000190734863,5.849999904632568,5.9268293,3.75,3.6111112,4.050000190734863,5.6052632,3.2666667,3,6.642857074737549,6.9302325,1.2727273,2.3333333,5,,6,,5.800000190734863,5.588235378265381,,3.78947377204895,,,,3.5714285,2.5,3.1666667,3.133333444595337,,5.081080913543701,4.621621608734131,2.8823528,5.1111112,4.3030305,,3.2,,4.571428775787354,,6.285714149475098,,3.5882354,5.375,4.0588236,5.6875,3.7222223,2.5333333,,,,,,,,,6,,,,,,,5.5,,1.5833334,,1.9444444,3.409091,2.2307692,4.8333335,,3.4166667,1.7647059,,,,2025.1
2024,21,0,1,2117,Přísaha,,4.68,0,2021,5.260000228881836,9,,7.666666507720947,5.840000152587891,4.1481481,2.875,7.0833335,7.548387050628662,6.8275862,1.7777778,3,2.243902444839478,5.8717947,1,2.8888888,5.599999904632568,,5.44444465637207,,5.666666507720947,4.800000190734863,,8.833333015441895,,,,6.875,8.2222223,7.7142859,3.333333253860474,,9.176470756530762,8,1.2857143,9.0370369,6.8800001,,8.4375,,8.615385055541992,,4.833333492279053,,8.416667,5.3636365,7.9375,6.0833335,7.1111112,7.25,,,,,,,,,3,,,,,,,1.454545497894287,,7.375,,6.1666665,7.1538463,9,7,,8.25,5.4444447,,,,2025.1
2024,21,0,1,2118,MOTO,,0,0,2021,5,1,,8.411765098571777,7.42307710647583,4.4814816,1.1111112,6.3076925,8.25,7.5483871,1.25,2.3333333,1.581395387649536,6.8837209,.72222221,1.2222222,7.300000190734863,,6.5,,7.315789699554443,4.894736766815186,,8.142857551574707,,,,7.75,8.416667,8.7142859,3.333333253860474,,9.454545021057129,8.413793563842773,1.1428572,9.4615383,6.9565215,,9,,9.166666984558105,,3.555555582046509,,9,6.2142859,9.0588236,8.0625,6.2222223,7.1666665,,,,,,,,,3.5,,,,,,,1.181818127632141,,9,,6.8000002,6.3636365,9,6.1428571,,8.5714283,6.5,,,,2025.1
2006,22,0,1,2201,IRL,83611,7.3,6.9000001,2003,10.5,2,0,7.6,6.6,,,,7.6,,,,6.17,6.0999999,2.3299999,,5.800000190734863,5.25,6.75,6,7,4.75,,7.599999904632568,5.5,6.5,3.25,,,,5.75,3.25,6.75,5.25,,7.25,,,8.3999996,8.5,7.599999904632568,8.25,4,5.25,,,,,,5.25,,,,7.1999998,7.25,,,,6.33,,,,,,,6.67,,,,,,,,,,,,,,2025.1
2010,22,0,1,2201,IRL,83611,17.9,18.799999,2007,12.22000026702881,2,1,7.230769157409668,7.571428298950195,,,,6.571428775787354,,,,6.5,7.8571429,1.3846154,,6.714285850524902,6.928571224212646,7.07692289352417,5.916666507720947,7,6.769230842590332,,6.416666507720947,5.777777671813965,7.25,3.700000047683716,,,,6.25,3.5,6.777777671813965,5.44444465637207,,8,6.6999998,,,,7.666666507720947,7.083333492279053,4.166666507720947,4.083333492279053,6.5833335,2.909091,,,,6,4.1111112,1.7272727,6.2727275,,,1,6,,6,,,,6.400000095367432,,,6.272727489471436,4.375,,,,,,,,,,,,,2025.1
2014,22,0,1,2201,IRL,83611,20.5,22.799999,2011,13.9,2,.5,7.75,8.25,7.875,,,6.625,7.75,,,6.5,7.125,1.75,,7.625,,8.625,,8,,8,5.75,,5.5,,,,,4.857142925262451,,6.5,,,7.1428571,,,8.125,,8.571428298950195,,3,,7.125,,,,,5.875,,1,,,,1,5.5,,6.625,,5,,6.875,,,6.857142925262451,5,,,,,1.625,5.5,,,,10,12,2,2025.1
2019,22,0,1,2201,IRL,83611,11.4,11.9,2019,10.3,2,1,7.538461685180664,7.07692289352417,6.2307692,3.625,2.4000001,7.384615421295166,7.0769229,2.8,2.2857144,5.083333492279053,5.75,2.5,4.625,6,,6.583333492279053,,6.333333492279053,5.25,6.6923075,6.846153736114502,,7.692307472229004,,,,,6.538461685180664,,7.615384578704834,6.615384578704834,3.4545455,7.5833335,6.3846154,2.4000001,8,,7.153846263885498,,5.92307710647583,,5.25,3.8461537,,,5.9230771,4.6999998,,,,,,,,,5.416666507720947,,4.2727275,,5.666666507720947,,2.692307710647583,4.461538314819336,,,5.6153846,3.9230769,4.6923075,2.6153846,4.0769229,6.6923075,,,,,,2025.1
2024,22,0,1,2201,Isaama,,8.210000000000001,8,2023,21.5,2,,7.789473533630371,7,6.6842103,2.8,3.7272727,7.5789475440979,7.1052632,3.4166667,2.8333333,4.947368621826172,6.0999999,3.4285715,3.3636363,7.222222328186035,,6.25,,6.764705657958984,5.058823585510254,,7.214285850524902,,,,7.6666665,7.875,8,6.900000095367432,,8,7.166666507720947,2.5999999,8.3684206,7.6666665,,7.4285712,,8.333333015441895,,5.699999809265137,,5.2222223,3.1111112,6.5555553,5.5555553,4.875,5.75,,,,,,,,,5.333333492279053,,,,,,,4,,0,,3.8571429,5.375,3.6666667,6.5,,5.8333335,2.875,,,,2025.1
2006,22,0,1,2202,EK,83411,25.4,27.700001,2003,17.5,3,1,4.4,3.6,,,,4.2,,,,4.33,4.4333329,5.5,,2.400000095367432,7.25,3.75,5.329999923706055,2.799999952316284,7,,5.599999904632568,4.5,5,2.75,,,,5.25,1.25,4.5,4,,3.5,,,3.8,6,2.799999952316284,7.5,5,5.75,,,,,,6.25,5.6700001,,,3.5999999,4.25,,,,6,,,,,,,5.33,,,,,,,,,,,,,,2025.1
2010,22,0,1,2202,EK,83411,26.1,28.700001,2007,26.06999969482422,3,0,3.461538314819336,3.071428775787354,,,,5.428571224212646,,,,5.285714149475098,5.2380953,3.5833333,,2.714285612106323,7.571428775787354,4.230769157409668,6.416666507720947,2.357142925262451,8.461538314819336,,5.416666507720947,5.099999904632568,5.090909004211426,2.5,,,,3.272727251052856,1.399999976158142,5,3.777777671813965,,4.3000002,5.6666665,,,,3.166666746139526,7.5,4.916666507720947,4.583333492279053,6,2.8181818,,,,4,4.4444447,5.3333335,4.1666665,,,1.5714285,5,,5.166666507720947,,,,6,,,5.636363506317139,4.857142925262451,,,,,,,,,,,,,2025.1
2014,22,0,1,2202,EK,83411,23.3,25.700001,2011,22.4,3,0,4.25,3.875,7.125,,,6.625,5.5,,,5,5.375,4.25,,3,,4.25,,3.25,,3.5,5.5,,5.625,,,,,3,,5,,,2.7142856,,,4.625,,1.857142806053162,,3.375,,6.875,,,,,3.875,,3.5714285,,,,1.5,5.142857074737549,,5.125,,3.8333333,,6.625,,,5.142857074737549,4.599999904632568,,,,,4.75,3.25,,,,14,7,11,2025.1
2019,22,0,1,2202,EK,83411,23.1,25.700001,2019,14.4,3,1,4.461538314819336,3.769230842590332,6.7692308,3.75,3.2,4.615384578704834,4.9230771,3.8333333,5.5714288,5.5,5.5,3.75,4,3.230769157409668,,4,,3.333333253860474,7,3.2307692,4.92307710647583,,4.92307710647583,,,,,4.461538314819336,,5,4.384615421295166,4.4545455,4,5.6153846,4.3000002,5.2307692,,3.846153736114502,,5.846153736114502,,4.9230771,4.3076925,,,5.4615383,4.6363635,,,,,,,,,5.333333492279053,,4.5833335,,6.416666507720947,,3.769230842590332,4.75,,,3.5384614,1,5.3076925,2.3076923,3.3846154,7.0769229,,,,,,2025.1
2024,22,0,1,2202,EK,83411,15.28,16,2023,12.39999961853027,3,,4.166666507720947,3.666666746139526,6.3888888,4.4285712,3.3,5.611111164093018,4.5,6.5,6.6666665,4.800000190734863,4.75,5.1666665,4.909091,3.888888835906982,,2.857142925262451,,2.8125,6.400000095367432,,5.083333492279053,,,,4.6666665,6.4285712,6,4.199999809265137,,5.1875,3.764705896377563,4.9230771,3.6666667,4.8235292,,4.3333335,,2.200000047683716,,4.800000190734863,,5.125,3.375,5.7777777,3.8888888,5.625,4,,,,,,,,,5,,,,,,,4.166666507720947,,3.25,,.83333331,4.5714288,5.5555553,7,,4.8000002,3,,,,2025.1
2006,22,0,1,2203,ER,83430,17.7,18.799999,2003,12.19999980926514,3,1,7.4,7.6,,,,5.6,,,,6.17,6.0999999,2.3299999,,8,8.25,8.5,7.670000076293945,8.399999618530273,8.5,,6,5.5,6,2.5,,,,6.5,3,5.75,4.75,,6.5,,,7.4000001,7.5,7,7.670000076293945,3.200000047683716,4.5,,,,,,6.25,,,,7.4000001,6.5,,,,6.33,,,,,,,6.67,,,,,,,,,,,,,,2025.1
2010,22,0,1,2203,ER,83430,27.8,30.700001,2007,15.32999992370605,3,0,7.076923370361328,8.571428298950195,,,,4.857142925262451,,,,6.785714149475098,7.8571429,1.3076923,,7.857142925262451,8.357142448425293,7.92307710647583,7.25,8,7.769230842590332,,5.416666507720947,4.800000190734863,4.727272510528564,2.799999952316284,,,,4.416666507720947,1.299999952316284,5,4.111111164093018,,6.4000001,3.7,,,,5.916666507720947,4.583333492279053,2.583333253860474,3.416666746139526,7.3076925,3.1666667,,,,6.3333335,2.8888888,2.0833333,5.3333335,,,1,5.699999809265137,,6.666666507720947,,,,6.400000095367432,,,6.454545497894287,5.375,,,,,,,,,,,,,2025.1
2014,22,0,1,2203,ER,83430,28.6,32.700001,2011,24.3,3,1,7.25,8.25,8.875,,,3.125,7.125,,,6.875,8.125,2.25,,7.5,,8.375,,8.25,,8.25,4.5,,1.875,,,,,2.571428537368774,,5.125,,,6.2857141,,,5.375,,6.857142925262451,,2,,7,,,,,6.25,,1.125,,,,1,5.375,,7,,5.4285712,,6.875,,,6.857142925262451,5,,,,,1,5,,,,13,10,2,2025.1
2019,22,0,1,2203,ER,83430,28.9,33.700001,2019,26.2,3,0,6.461538314819336,7.461538314819336,8.3076925,2.75,.60000002,3.076923131942749,6.4615383,1.8333334,1.8571428,6.583333492279053,7.5833335,1.5,1.875,6.615384578704834,,7.666666507720947,,6.916666507720947,5.5,8.1538458,3.615384578704834,,2.846153736114502,,,,,3.230769157409668,,3.230769157409668,4.769230842590332,2.9166667,4.0833335,4.2307692,3.4000001,3.0769231,,5.307692527770996,,3.384615421295166,,5.6923075,4.3846154,,,1.8461539,5.2727275,,,,,,,,,6.666666507720947,,5.0833335,,6.083333492279053,,4.307692527770996,5.384615421295166,,,4.4615383,.84615386,2.9230769,1.0769231,4.4615383,6.6923075,,,,,,2025.1
2024,22,0,1,2203,ER,83430,31.24,37,2023,17.89999961853027,3,,6.631578922271729,7.368421077728271,7.6842103,3.4285715,4.3636365,2.473684310913086,5.6842103,3.6666667,2.3333333,6.599999904632568,8.0500002,1.8571428,.72727275,5.44444465637207,,7.25,,6.941176414489746,4.882352828979492,,3.285714387893677,,,,3.3333333,3.375,2.3333333,4.222222328186035,,4.111111164093018,4.222222328186035,3.5333333,5.5263157,4.6111112,,4.2857141,,5.5,,1.600000023841858,,4.5555553,4.6666665,2,6.2222223,1.375,7.1428571,,,,,,,,,6.833333492279053,,,,,,,5.714285850524902,,0,,1,2.375,.33333334,6,,7.1666665,1.625,,,,2025.1
2006,22,0,1,2204,SDE,83410,7,5.9000001,2003,36.79999923706055,5,0,4.4,3.6,,,,3.4,,,,4.8,5.5666671,2.5,,2.599999904632568,6.75,4,4.670000076293945,3.400000095367432,5.5,,4.800000190734863,3.75,3.75,3.75,,,,5.25,1.5,4.25,3.75,,3,,,3.4000001,5.75,3.400000095367432,6,3.599999904632568,5,,,,,,3.5,3,,,6,5.5,,,,6,,,,,,,5,,,,,,,,,,,,,,2025.1
2010,22,0,1,2204,SDE,83410,10.6,9.8999996,2007,8.689999580383301,5,0,3.230769157409668,3.142857074737549,,,,3,,,,6.571428775787354,7.1428571,1.3846154,,2.357142925262451,6.571428775787354,3.923076868057251,5.5,2.5,7.692307472229004,,4.25,5,2.583333253860474,4.5,,,,2.333333253860474,1.200000047683716,4.222222328186035,3.555555582046509,,3.5,4.5555553,,,,3.583333253860474,5.25,3.583333253860474,3.666666746139526,4.909091,3.7272727,,,,3.8888888,3.1111112,3,4.818182,,,1.1428572,5.800000190734863,,6.083333492279053,,,,6.300000190734863,,,6.363636493682861,5.666666507720947,,,,,,,,,,,,,2025.1
2014,22,0,1,2204,SDE,83410,17.1,18.799999,2011,13.6,5,.5,4.875,4.75,7.75,,,2.5,7.375,,,6.875,7.875,2,,3.375,,5.125,,3.75,,4.375,4.25,,2,,,,,2.142857074737549,,4.625,,,2.8571429,,,3.25,,3.857142925262451,,3.25,,5.125,,,,,4.625,,1.375,,,,1,5.75,,6.5,,5.4285712,,7,,,6.857142925262451,5.285714149475098,,,,,3.2857144,5.875,,,,10,13,14,2025.1
2019,22,0,1,2204,SDE,83410,9.800000000000001,9.8999996,2019,23.3,5,.5,3.076923131942749,3.384615421295166,5.8461537,3.125,3,1.692307710647583,7,2,1,6.583333492279053,7.25,2,2.25,2.615384578704834,,3.5,,2.666666746139526,7.416666507720947,2.6153846,2.538461446762085,,1.461538434028625,,,,,2.615384578704834,,2.769230842590332,5,2.75,2.5,6.2307692,2.4000001,1.9230769,,3.692307710647583,,3.923076868057251,,3.7692308,5.8461537,,,3.9230769,5,,,,,,,,,6.25,,5.181818,,6.5,,4.92307710647583,5.384615421295166,,,4.1538463,.76923078,4.3076925,1.4615384,4.3846154,5.6153846,,,,,,2025.1
2024,22,0,1,2204,SDE,83410,9.27,9,2023,19.29999923706055,5,,3.21052622795105,3.263157844543457,7.2105265,2.8333333,3,1.842105269432068,6.7368422,2.5,1.5,6.699999809265137,7.1500001,1.7142857,1.3636364,3,,3.25,,2.3125,7.176470756530762,,3.071428537368774,,,,2.3333333,1.875,.8888889,3.200000047683716,,3,4.166666507720947,3.4666667,3.2631578,5.2222223,,2.8571429,,2.666666746139526,,4.199999809265137,,3.6666667,5.8888888,2.4444444,6.1111112,3.8571429,4,,,,,,,,,6.166666507720947,,,,,,,5.571428775787354,,0,,1.1428572,3.625,2.1111112,6,,4.8333335,1,,,,2025.1
2006,22,0,1,2205,KP,,2.2,0,2003,,8,0,2.25,2.33,,,,,,,,3.33,3.3333333,3.75,,2,,,,,,,,,,,,,,,,,,,,,,4,9.6700001,.2000000029802322,9.75,,,,,,,,,,,,.75,4,,,,4,,,,,,,3.33,,,,,,,,,,,,,,2025.1
2006,22,0,1,2206,ERL,83612,13,12.9,2003,8,11,1,4.2,4,,,,6,,,,4.17,4.4333329,4.6700001,,3.200000047683716,5,3.75,5,4.199999809265137,4.25,,6.199999809265137,3.75,6,2,,,,5.25,1.25,6.25,4,,5.5,,,5.8000002,5,5,5,7,8.25,,,,,,4.25,,,,4.4000001,4,,,,4.67,,,,,,,5.67,,,,,,,,,,,,,,2025.1
2010,22,0,1,2206,ERL,83612,7.1,5.9000001,2007,2.230000019073486,11,0,4,3.428571224212646,,,,7.142857551574707,,,,4.571428775787354,4.7619047,4.4000001,,3.357142925262451,5.642857074737549,3.923076868057251,5.636363506317139,3.285714387893677,6.166666507720947,,6.166666507720947,4.333333492279053,7.25,2.299999952316284,,,,4.199999809265137,1.600000023841858,7.888888835906982,3.777777671813965,,7.5,4.5,,,,6.363636493682861,4.909090995788574,9.230769157409668,8.615385055541992,4.6666665,6.3636365,,,,2.4444444,7.2222223,5.0999999,3.0999999,,,2,4.125,,4.363636493682861,,,,6,,,5.375,3.799999952316284,,,,,,,,,,,,,2025.1
2010,22,0,1,2207,EER,83110,7.1,5.9000001,2007,2.730000019073486,7,1,4.545454502105713,5.333333492279053,,,,2.833333253860474,,,,5.846153736114502,5.3846154,2.7777777,,4.545454502105713,4.461538314819336,5,3.090909004211426,4.666666507720947,3.454545497894287,,3.363636255264282,4.222222328186035,3,2.666666746139526,,,,2.777777671813965,1.111111164093018,5,2,,4.7142859,2.6666667,,,,4.5,3.111111164093018,4.599999904632568,4.699999809265137,2.0769231,8.2307692,,,,3.1428571,3.1428571,4.5,2.4444444,,,1.4285715,4.857142925262451,,6.142857074737549,,,,6.333333492279053,,,6,4.833333492279053,,,,,,,,,,,,,2025.1
2014,22,0,1,2207,EER,83110,3.8,0,2011,,7,0,5.75,6,4.875,,,4.285714149475098,5.375,,,6,6.375,2.5,,4.571428775787354,,5.333333492279053,,5.333333492279053,,5.3333335,3.833333253860474,,4,,,,,3.166666746139526,,5.666666507720947,,,4,,,4.2857141,,5,,4.714285850524902,,2.375,,,,,3.5999999,,2.4000001,,,,1,5.800000190734863,,6.285714149475098,,4,,6.875,,,6.5,4.5,,,,,7.5,7.75,,,,6,2,31,2025.1
2014,22,0,1,2208,EVE,,,,2011,,2,0,7.375,7.142857074737549,6.5,,,3.857142925262451,7.625,,,6.166666507720947,6.75,2.75,,6.166666507720947,,7.166666507720947,,6.599999904632568,,6.8000002,4,,5,,,,,3.200000047683716,,5.5,,,7.75,,,6.4000001,,6.599999904632568,,4.5,,4.75,,,,,4.25,,1.2857143,,,,1,5.5,,6.25,,5,,6.800000190734863,,,6.400000095367432,3.666666746139526,,,,,8.333333,7.4285712,,,,1,4,16,2025.1
2019,22,0,1,2209,EKRE,,17.8,18.799999,2019,12.7,1,.5,8.461538314819336,4.692307472229004,4.9230771,3.4285715,4.5999999,9.538461685180664,9.3076925,.66666669,.5714286,2.083333253860474,6.5833335,2.25,4.75,5.230769157409668,,4.545454502105713,,4.75,5.333333492279053,4.2307692,8.769230842590332,,9.461538314819336,,,,,7.153846263885498,,9.615385055541992,9.384614944458008,.83333331,9.083333,7.4615383,1,9.5384617,,7.538461685180664,,7.461538314819336,,6.0769229,3.9230769,,,8.3846149,4.5999999,,,,,,,,,2.833333253860474,,2,,4.363636493682861,,1.230769276618958,1.769230723381042,,,4.4615383,6.8461537,8.6153851,8.6153851,5.9230771,8.2307692,,,,,,2025.1
2024,22,0,1,2209,EKRE,,16.05,17,2023,14.89999961853027,1,,8.947368621826172,5.842105388641357,5.2105265,3.5,5.3636365,9.263157844543457,8.5263157,2.75,.66666669,2.349999904632568,5.75,3,3.7272727,6.875,,4.625,,5.352941036224365,4.941176414489746,,8.428571701049805,,,,9,9.625,9.666667,6.900000095367432,,9.611110687255859,9.166666984558105,2.0666666,9.0526314,8.666667,,8.4285717,,8.833333015441895,,8.199999809265137,,7.1111112,3.4444444,9,7,7,4.2857141,,,,,,,,,2.400000095367432,,,,,,,1.857142806053162,,4.75,,5.7142859,7,9.666667,7.5,,4.8333335,6.25,,,,2025.1
2019,22,0,1,2210,E200,,4.4,0,2019,3.2,3,0,5.153846263885498,5.846153736114502,6.2307692,3.8,5.5999999,2.153846263885498,6.1666665,1.2,2.5,6.75,7,1.3333334,1.5714285,4.615384578704834,,5.400000095367432,,4.818181991577148,5.5,5.090909,2.666666746139526,,1.538461565971375,,,,,2.5,,2.461538553237915,5.583333492279053,3.5,2.3333333,6.7692308,2.8,1.8461539,,3.307692289352417,,2.75,,3.75,5.6923075,,,3,5.1111112,,,,,,,,,6.363636493682861,,5.3333335,,6.416666507720947,,5,5.333333492279053,,,3.9000001,.61538464,5.3333335,3.7692308,5.3076925,5.2727275,,,,,,2025.1
2024,22,0,1,2210,E200,,13.33,14,2023,2.599999904632568,3,,6.263157844543457,7.105263233184814,6.7894735,3.3333333,3.6363637,2,5.9444447,2.6363637,2.8333333,6.400000095367432,6.6999998,2,2.7272727,5.44444465637207,,6.25,,6.125,4.294117450714111,,2.923076868057251,,,,3.3333333,1.875,1.3333334,3,,3.352941274642944,4.705882549285889,2.909091,4.3888888,4.8235292,,3.1428571,,3.599999904632568,,1.888888835906982,,4.4444447,4.6666665,2.7777777,5.7777777,2.5714285,6.375,,,,,,,,,6.666666507720947,,,,,,,5.285714149475098,,.25,,1.4285715,3.375,2.4444444,6,,6.5999999,1.125,,,,2025.1
2024,22,0,1,2211,Parempoolsed,,2.3,0,2023,6.840000152587891,3,,8,8.625,8.1176472,1.4,1.4545455,3.875,4.8666668,2.6666667,1.75,5.533333301544189,5.7333331,2.75,3,8.875,,8.714285850524902,,8.461538314819336,6.615384578704834,,4.666666507720947,,,,6,4.75,5.6666665,4.5,,4.538461685180664,4.916666507720947,2,5.8333335,4.5833335,,4.1999998,,4.666666507720947,,2,,5.8000002,3.8,4.6666665,6.1666665,2.25,6.1666665,,,,,,,,,6,,,,,,,5,,.66666669,,2.3333333,4.25,5.1666665,8,,6.6666665,2,,,,2025.1
2024,22,0,1,2212,Vasakliit,,2.4,0,2023,,6,,1.555555582046509,1.090909123420715,4.6666665,1.5,1.2,7.599999904632568,4,1,1,2.5,2.7142856,3,7,1.200000047683716,,1.333333373069763,,1.125,7.857142925262451,,7,,,,,,7.25,1.333333373069763,,4.599999904632568,3.333333253860474,2.5,2,3.6666667,,4,,0,,3.666666746139526,,5,2,4,4,8.5,5,,,,,,,,,1.75,,,,,,,2,,7,,0,7,10,8,,1,5,,,,2025.1
2002,23,0,0,2301,MSzP,86220,42.1,46.099998,2002,,5,1,3.39,5.23,,,,3.38,,,,6.86,9.5,2.3888891,,,,,,,,,,,,,,,,,,,,,,,,,,,,,,,,,,,,,,,,,,5.33,,5.67,5.22,,5.7,6.2,5.4,5.63,5.73,,,,,,,,,,,,,,2025.1
2006,23,0,1,2301,MSzP,86220,43.2,49.200001,2006,34.29999923706055,5,1,3.67,6.5,,,,4,,,,6.83,6.0999999,2,,5,5.199999809265137,5.400000095367432,5,4.800000190734863,5.75,,4.75,4.75,4.400000095367432,4,,,,2.599999904632568,5,5.25,5,,4.1999998,,,3.4000001,6,4.199999809265137,4.329999923706055,3.799999952316284,5.25,,,,,,5,4.25,,,5.5,4.5,,5.5,,5.83,,,,6.4,,,5.75,4.8,,,,,,,,,,,,,2025.1
2010,23,0,1,2301,MSZP,86220,19.3,15.3,2010,17.3700008392334,5,0,3.352941036224365,4.176470756530762,,,,3.882352828979492,,,,6.647058963775635,8.0392151,2,,3.9375,6.1875,4.6875,4.4375,3.5625,5.875,,3.3125,6.375,3.125,4.6875,,,,1.75,3.733333349227905,4,3.615384578704834,,3.4285715,4.2307692,,,,3.5625,4.25,4.133333206176758,4.5,5.4666667,3.0714285,,,,4,4.1428571,3.6428571,3.3571429,,,1,6,,6.176470756530762,,,,6.470588207244873,,,6.199999809265137,5.5,,,,,,,,,,,,,2025.1
2014,23,0,1,2301,MSZP,86220,20.6,14.6,2014,10.9,5,0,3.428571462631226,4.071428775787354,7.3846154,,,4.071428775787354,5.6153846,,,6.071428775787354,6.2857141,2.6923077,,3.727272748947144,,5.300000190734863,,3.461538553237915,,4.5,4.571428775787354,,3.307692289352417,,,,,1.923076868057251,,4.454545497894287,,,4.909091,,,3.1428571,,4.214285850524902,,3.230769157409668,,5.9230771,,,,,4.5,,3.909091,,,,1,5.25,,5.857142925262451,,4.6153846,,6.5,,,6,4,,,,,3.5,5.7857141,,,,13,14,2,2025.1
2019,23,0,1,2301,MSZP,86220,11.91,11,2018,6.61,5,0,3.400000095367432,4,7.1999998,3.3333333,4.5714288,3.733333349227905,5.7142859,4.7142859,3.1666667,6.5,8.2666664,1.5,2.1666667,2.615384578704834,,4.599999904632568,,3.5,7,3.3333333,4.400000095367432,,3.466666698455811,,,,,2.400000095367432,,4.857142925262451,4.333333492279053,4.181818,5.0833335,4.3333335,3.7,3.9333334,,3.272727251052856,,4,,4.25,4.9285712,,,4.7857141,4.1666665,,,,,,,,,5.833333492279053,,5.0769229,,6.5,,4.692307472229004,5.461538314819336,,,4.2307692,2.5999999,4.1538463,3.7857144,7.8666668,6.1538463,,,,,,2025.1
2024,23,0,1,2301,MSZP,86220,7.12,11,2022,4.010000228881836,5,,3,2.823529481887817,7.0625,2.1666667,2.7272727,3.75,5.5,3.3,1.75,6.388888835906982,5.7222223,2.3,1.5,2.888888835906982,,4.333333492279053,,2.529411792755127,7.235294342041016,,4.599999904632568,,,,2,3.1111112,3.875,1.545454502105713,,4.599999904632568,3.266666650772095,2.6153846,4.9166665,4.3333335,,4,,3.599999904632568,,3.272727251052856,,4.8571429,3.25,4.25,4.125,5.5,3.3333333,,,,,,,,,6.25,,,,,,,5,,2,,0,3.3333333,4.625,5.6666665,,3.8,1.5555556,,,,2025.1
2002,23,0,0,2302,Fidesz-M,86421,35.11,42.5,2002,,2,0,7.64,4.62,,,,8.15,,,,4.64,7.4333334,4.188889,,,,,,,,,,,,,,,,,,,,,,,,,,,,,,,,,,,,,,,,,,2.89,,4.08,4,,5.73,5.8,4.6,3.5,3.09,,,,,,,,,,,,,,2025.1
2006,23,0,1,2302,Fidesz-M,86421,36.13,36.5,2006,47.40000152587891,2,0,6.67,3,,,,7,,,,5.5,6.6666665,3,,5,5,3.799999952316284,4.5,3,5.5,,6.25,5.75,7,5.75,,,,6.800000190734863,6.75,6.75,7,,6,,,7,7.5,5.199999809265137,4,6.599999904632568,7.25,,,,,,5,4.25,,,4,5.25,,5,,5.17,,,,6.2,,,5.5,3.6,,,,,,,,,,,,,2025.1
2010,23,0,1,2302,Fidesz-M,86421,45.35,58.799999,2010,56.36000061035156,2,1,6.882352828979492,3.411764621734619,,,,7.235294342041016,,,,5.352941036224365,6.8627453,3,,6.9375,7.625,4.125,5.625,5.4375,6.8125,,7.5625,6.25,7.1875,5.6875,,,,8.1875,7.8125,6.461538314819336,4.692307472229004,,7.2142859,4.5384617,,,,5.599999904632568,5.125,6.733333110809326,5.400000095367432,6.4285712,3,,,,7.2857141,5,4.2142859,3.3571429,,,1.4117647,5.307692527770996,,4.9375,,,,6.058823585510254,,,5.066666603088379,4.699999809265137,,,,,,,,,,,,,2025.1
2014,23,0,1,2302,Fidesz,86421,39.5,58.799999,2014,47.2,2,1,7.928571224212646,3.692307710647583,7.6923075,,,8.642857551574707,6.9230771,,,2.714285612106323,6.3571429,2.6923077,,5.636363506317139,,2.799999952316284,,7.384615421295166,,1.6428572,8.857142448425293,,8.307692527770996,,,,,8.714285850524902,,7.833333492279053,,,7.8461537,,,8.7857141,,7.428571224212646,,7.25,,7.1538463,,,,,7.7857141,,5.181818,,,,1.8571428,2.454545497894287,,3.384615421295166,,1.7692307,,5.916666507720947,,,3,3.375,,,,,4.6428571,2.9285715,,,,12,17,13,2025.1
2019,23,0,1,2302,Fidesz-KDNP,86421,49.28,64.599998,2018,52.56,1,1,8.333333015441895,3.733333349227905,7.7333331,.33333334,5.8571429,9.199999809265137,9.5714283,.75,.83333331,3.066666603088379,8.1333332,1.625,6.3333335,7.384615421295166,,2.857142925262451,,5,6.642857074737549,1.2857143,9.466666221618652,,9.266666412353516,,,,,9.428571701049805,,9.933333396911621,10,.35714287,8.3571424,7.9285712,.38461539,9.8000002,,8,,8.5,,7.9230771,2.7857144,,,8.1333332,8.8571424,,,,,,,,,5.333333492279053,,1.6666666,,6.928571224212646,,1.076923131942749,2.071428537368774,,,5,8.9333334,4.7692308,8.1538458,1.1333333,9.9333334,,,,,,2025.1
2024,23,0,1,2302,Fidesz-KDNP,86421,34.33,135,2022,44.81999969482422,1,,8.611110687255859,3.70588231086731,7.6111112,1.3333334,4,9.277777671813965,9.166667,.63636363,.33333334,2.894736766815186,8.0555553,1.3846154,4.1999998,6.800000190734863,,3.200000047683716,,5.470588207244873,6.058823585510254,,9.571428298950195,,,,7.6363635,9.8888893,10,8.818181991577148,,9.777777671813965,9.833333015441895,.17647059,8.7333336,6.25,,10,,5.199999809265137,,8,,6.3333335,2.2222223,7.3333335,3.1111112,7.181818,8.5,,,,,,,,,5,,,,,,,1.5,,10,,4,3.1666667,6.5,1.25,,9.5,8.3999996,,,,2025.1
2002,23,0,0,2303,MDF,86521,5.14,6.1999998,2002,,2,0,6.43,5.12,,,,7.35,,,,5.86,7.6999998,2.6444445,,,,,,,,,,,,,,,,,,,,,,,,,,,,,,,,,,,,,,,,,,3.78,,4.33,4.5,,5.63,5.9,4.7,3.88,4.09,,,,,,,,,,,,,,2025.1
2006,23,0,1,2303,MDF,86521,5.04,2.8,2006,5.300000190734863,2,0,5.4,5.4,,,,5.8,,,,6.6,6,1.6,,5,6.199999809265137,5.400000095367432,6,4.75,6.5,,4.75,5.75,6.25,4.25,,,,5.5,5.25,5.75,5,,5.75,,,5.75,6.25,5,4,4.75,5.75,,,,,,4.6700001,3.5,,,5.25,3.6700001,,5.4,,5.6,,,,6.4,,,5.5,3.5,,,,,,,,,,,,,2025.1
2010,23,0,1,2303,MDF,86521,2.67,0,2010,5.309999942779541,2,0,6.333333492279053,5.933333396911621,,,,6.400000095367432,,,,5.928571224212646,6.3888893,2.9000001,,5.92307710647583,6.166666507720947,5.909090995788574,5.363636493682861,5.75,5.083333492279053,,5.461538314819336,5.5,5.692307472229004,5.92307710647583,,,,6.916666507720947,6,5.55555534362793,4.333333492279053,,6.0833335,4.5454545,,,,5.272727489471436,5.181818008422852,5.833333492279053,4.916666507720947,5.8000002,3.090909,,,,5.6999998,4.181818,5.1999998,3.0833333,,,2,5.125,,5.727272510528564,,,,6,,,5.400000095367432,4,,,,,,,,,,,,,2025.1
2002,23,0,0,2304,SzDSz,86422,5.6,5.1999998,2002,,3,1,4.21,6.92,,,,1.46,,,,6.86,9.7333336,1.0222222,,,,,,,,,,,,,,,,,,,,,,,,,,,,,,,,,,,,,,,,,,5.67,,6.33,5.67,,5,6.3,5.6,5.56,5.91,,,,,,,,,,,,,,2025.1
2006,23,0,1,2304,SzDSz,86422,6.5,5.1999998,2006,7.699999809265137,3,1,4.83,8.83,,,,2.17,,,,7,7.2333336,1,,7.599999904632568,6.199999809265137,8,7.75,7.199999809265137,7.75,,3.5,7.75,1.200000047683716,7.75,,,,.800000011920929,6.75,3.5,6.25,,3.2,,,1.6,7.75,4.800000190734863,6,1.799999952316284,7.25,,,,,,5.25,3.75,,,7.5,5,,6,,6.83,,,,6.4,,,5.75,5.2,,,,,,,,,,,,,2025.1
2010,23,0,1,2304,SZDSZ,86422,.25,0,2010,2.160000085830688,3,0,4,6.75,,,,1.428571462631226,,,,6.599999904632568,7.6923075,1.6363636,,6.75,7.090909004211426,7.272727489471436,5.727272510528564,6.090909004211426,5,,1,8.583333015441895,2.538461446762085,7.583333492279053,,,,1.166666626930237,4.909090995788574,2,5.125,,1.3636364,6,,,,2.166666746139526,5.666666507720947,1.727272748947144,6.545454502105713,4.4444447,3.9000001,,,,3.3333333,4.6666665,3.3,3.4000001,,,1.5625,6.090909004211426,,6.769230842590332,,,,6.25,,,6.083333492279053,5,,,,,,,,,,,,,2025.1
2002,23,0,0,2305,MIEP,86620,4.4,0,2002,,1,0,9.710000000000001,4,,,,9.69,,,,1.64,7.166667,1.5333334,,,,,,,,,,,,,,,,,,,,,,,,,,,,,,,,,,,,,,,,,,1.33,,1.67,1.67,,5,4.44,2.78,1.71,1,,,,,,,,,,,,,,2025.1
2002,23,0,0,2306,CP,,3.9,0,2002,,9,0,4.83,5.5,,,,5.55,,,,5.6,7.3333335,2.3777778,,,,,,,,,,,,,,,,,,,,,,,,,,,,,,,,,,,,,,,,,,4,,4.71,4.2,,5.17,5.8,4.5,4.5,3.33,,,,,,,,,,,,,,2025.1
2006,23,0,1,2307,KDNP,86522,5.9,6,2006,,4,0,7.5,2.17,,,,8.33,,,,4.5,6.0999999,2.4000001,,4.599999904632568,5,3.200000047683716,5,2.599999904632568,5.25,,6.25,5.75,8.399999618530273,6.75,,,,9,8.25,7.25,7.5,,6.8000002,,,8,8,5,4,7.400000095367432,7.5,,,,,,5.75,3.75,,,3.25,5.25,,4,,4.17,,,,6.2,,,5.25,2.2,,,,,,,,,,,,,2025.1
2010,23,0,1,2307,KDNP,86522,7.32,9.3000002,2010,,4,1,7.588234901428223,3.058823585510254,,,,8.29411792755127,,,,4.882352828979492,4.7916665,3.1538463,,6.400000095367432,7.142857074737549,3.466666698455811,4.800000190734863,4.357142925262451,6.5,,8.1875,5.933333396911621,8.199999809265137,6.5625,,,,9.1875,8.800000190734863,6.692307472229004,5,,7.9285712,5.0769229,,,,6.266666889190674,4.6875,6.857142925262451,5.571428775787354,6.2857141,2.5714285,,,,7.2857141,4.5714288,4.8571429,3.1428571,,,2,4.846153736114502,,4,,,,5.470588207244873,,,4.642857074737549,3.299999952316284,,,,,,,,,,,,,2025.1
2010,23,0,1,2308,JOBBIK,86710,16.67,12.2,2010,14.77000045776367,1,0,9.470588684082031,3.125,,,,9.411765098571777,,,,2.352941274642944,5.6862745,3.3571429,,4.727272510528564,6.666666507720947,2.5,5,3.75,7.538461685180664,,9.625,6.875,8.9375,8.399999618530273,,,,8.4375,7.5,7.8125,7.428571224212646,,8.7142859,6.2307692,,,,9,7.75,7.928571224212646,6.214285850524902,5.7857141,2.7142856,,,,6.4166665,4.7692308,8.1428576,4.3571429,,,2.7647059,2.583333253860474,,2.25,,,,4.307692527770996,,,1.928571462631226,2.928571462631226,,,,,,,,,,,,,2025.1
2014,23,0,1,2308,JOBBIK,86710,20.2,11.6,2014,14.7,1,0,9.714285850524902,4,6,,,9.5,7.3846154,,,1.214285731315613,6.7857141,1.6923077,,4.300000190734863,,2,,3.615384578704834,,1.8571428,9.785714149475098,,9.769230842590332,,,,,8.307692527770996,,9.333333015441895,,,9.5384617,,,9.6923075,,9,,8.166666984558105,,5.8333335,,,,,5.090909,,8.545455,,,,2.9285715,2.083333253860474,,1.642857193946838,,1.1538461,,4.5,,,1.357142806053162,2.666666746139526,,,,,9.0714283,8,,,,12,1,7,2025.1
2019,23,0,1,2308,JOBBIK,86710,19.06,14.4,2018,6.34,1,0,7.733333110809326,4.133333206176758,6.4000001,4.1999998,4.8571429,8.066666603088379,8.3571424,3.5714285,1.5,3.785714387893677,6.2666669,4.2857141,5.1666665,4.333333492279053,,3.642857074737549,,4.642857074737549,6.285714149475098,2.8,8.600000381469727,,8.533333778381348,,,,,7.857142925262451,,9.133333206176758,7.785714149475098,2.3636363,8.3571424,7.1538463,2.8,9.1999998,,7.699999809265137,,7.642857074737549,,5.5999999,3.7692308,,,7.9333334,6.5384617,,,,,,,,,4.454545497894287,,2.6428571,,6.416666507720947,,1.923076868057251,2.846153736114502,,,5.25,6.8571429,5.5,6.6428571,8.6000004,6.8461537,,,,,,2025.1
2024,23,0,1,2308,JOBBIK,86710,6.47,10,2022,.9900000095367432,1,,6.470588207244873,4.714285850524902,5.5333333,2.3333333,4.3333335,6.8125,6.0588236,4.3333335,3.2,4.4210524559021,5.0625,3.5,4.25,3.714285612106323,,4.400000095367432,,4.538461685180664,5.785714149475098,,7.714285850524902,,,,6,7,7.75,6.333333492279053,,7.400000095367432,5.5625,2.0833333,7.5833335,4.7142859,,6.1666665,,4.75,,6.142857074737549,,5,3.6666667,5.7142859,3.1428571,6.1111112,4.5,,,,,,,,,5,,,,,,,3.666666746139526,,3,,1,4,7,6.625,,4.8000002,3.375,,,,2025.1
2010,23,0,1,2309,LMP,86110,7.5,4.0999999,2010,2.609999895095825,7,0,3.529411792755127,3.6875,,,,1.411764621734619,,,,6.470588207244873,7.7083335,1.2307693,,4.466666698455811,6.066666603088379,4.875,5.625,4.466666698455811,5.466666698455811,,1.533333301544189,7.75,1.9375,7.6875,,,,1.399999976158142,3.799999952316284,3,4.07692289352417,,2.1538463,5.9230771,,,,2.0625,5.5625,3.714285612106323,5.857142925262451,.80000001,8.9285717,,,,2.6428571,5.0769229,6.090909,3.7857144,,,1,6.333333492279053,,5.5,,,,6.1875,,,5.846153736114502,5.666666507720947,,,,,,,,,,,,,2025.1
2014,23,0,1,2309,LMP,86110,5.3,2.5,2014,5,7,0,4.285714149475098,3.615384578704834,6,,,2.928571462631226,6.8461537,,,5.285714149475098,6.0714288,2.7692308,,3.818181753158569,,3.599999904632568,,2.923076868057251,,3.2857144,2,,1.769230723381042,,,,,1.923076868057251,,3,,,3.1666667,,,3.6153846,,2.846153736114502,,4.5,,.71428573,,,,,2.4545455,,5.5454545,,,,1.4285715,5.25,,4.285714149475098,,3.7272727,,6.090909004211426,,,5.071428775787354,4,,,,,7.4285712,8.7142859,,,,6,3,1,2025.1
2019,23,0,1,2309,LMP,86110,7.06,4.4000001,2018,2.18,7,0,3.933333396911621,3.733333349227905,6.5714288,5.5,4,3.066666603088379,6,4.8571429,4.5,5.533333301544189,7.5333333,4.1666665,3.1666667,2.916666746139526,,4.285714149475098,,4,6.071428775787354,3.5,3.200000047683716,,2.666666746139526,,,,,2.642857074737549,,5.071428775787354,4.142857074737549,4.9166665,5.4166665,4.3846154,4.3000002,3.7333333,,2.454545497894287,,4.357142925262451,,1.9285715,9.1428576,,,5.5714288,2.9166667,,,,,,,,,5.333333492279053,,4.6153846,,6.307692527770996,,4.153846263885498,5,,,4.6923075,2.3333333,4.9230771,4.2857141,8.8666668,3.6153846,,,,,,2025.1
2024,23,0,1,2309,LMP-MZP,,7.12,11,2022,.8700000047683716,7,,3.785714387893677,3.615384578704834,5.8461537,3.5,2.8888888,3.071428537368774,5.1333332,4,2.8,5.199999809265137,6.1428571,4.4000001,.75,2.571428537368774,,4.75,,3.25,5.538461685180664,,2.799999952316284,,,,1.2222222,2.2222223,2.5714285,1.444444417953491,,4.416666507720947,3.785714387893677,3.7272727,4.3333335,3.5999999,,3.2857144,,2.5,,3,,1.6666666,7.4444447,.5714286,9.1428576,5.8888888,1.8333334,,,,,,,,,5.5,,,,,,,4,,2,,0,6.75,4.75,8.1428576,,2.75,.75,,,,2025.1
2014,23,0,1,2310,E14,86340,2.1,1.5,2014,3.6,9,0,3.642857074737549,4.857142925262451,7.3076925,,,2.357142925262451,7,,,6.642857074737549,7.5714288,1.9230769,,5.181818008422852,,6.5,,4.230769157409668,,6.8461537,1.714285731315613,,1.615384578704834,,,,,1.384615421295166,,2.555555582046509,,,3.1666667,,,1.7142857,,2.642857074737549,,1.923076868057251,,3.8333333,,,,,3.3636363,,3.6363637,,,,1,6,,6,,5.2307692,,6.416666507720947,,,6.214285850524902,4.375,,,,,5.2142859,8.3571424,,,,2,3,8,2025.1
2019,23,0,1,2310,E14,86340,.66,.60000002,2018,,9,0,3.571428537368774,4.666666507720947,8.25,1,4,1.428571462631226,7.3333335,.5,2,6.44444465637207,9.5714283,0,1,3,,4.666666507720947,,2.75,5.199999809265137,4.8000002,2,,.6666666865348816,,,,,1.666666626930237,,2.599999904632568,6,2.6666667,2,4.4000001,2.6666667,1.8571428,,1.75,,2.333333253860474,,2.5999999,6.8000002,,,2.8571429,2.6666667,,,,,,,,,6.800000190734863,,6.25,,6.333333492279053,,5.400000095367432,6,,,5.5999999,.83333331,6,3.8,9.5,6.5999999,,,,,,2025.1
2014,23,0,1,2311,DK,86221,2.8,2,2014,9.800000000000001,5,0,3.357142925262451,4.857142925262451,7.2307692,,,2.571428537368774,7.1538463,,,6.714285850524902,7.5714288,1.9166666,,5.454545497894287,,6.599999904632568,,4.153846263885498,,6.6153846,2.142857074737549,,2.25,,,,,1.153846144676208,,2.799999952316284,,,3.5454545,,,1.6428572,,3.285714387893677,,2.076923131942749,,5.4166665,,,,,4.090909,,3.1818182,,,,1,5.916666507720947,,6.357142925262451,,5.3846154,,6.583333492279053,,,6.384615421295166,4.166666507720947,,,,,4.5,7.8571429,,,,3,2,1,2025.1
2019,23,0,1,2311,DK,86221,5.37,5,2018,16.05,5,0,3.333333253860474,4.666666507720947,7.1428571,.83333331,3.2857144,2.133333444595337,7.0714288,1.25,1.6666666,6.928571224212646,9.5333338,.22222222,1,2.923076868057251,,5.133333206176758,,4.071428775787354,6.285714149475098,4.8000002,3,,2.066666603088379,,,,,1.333333373069763,,3.214285612106323,5.133333206176758,2.2307692,3.75,4.8461537,2,2.2,,2.363636255264282,,2.615384578704834,,3.6923077,5.5,,,3,3.25,,,,,,,,,6.642857074737549,,5.7692308,,6.142857074737549,,5.692307472229004,6,,,4.1538463,1.6,4.5384617,3.4285715,8.7333336,8.4285717,,,,,,2025.1
2024,23,0,1,2311,DK,86221,9.710000000000001,15,2022,4.019999980926514,5,,4.277777671813965,4,7,.83333331,3.5,3.333333253860474,7.7777777,1.7272727,1.6666666,6.777777671813965,8.3888893,1.0769231,.60000002,3.333333253860474,,5.5,,3.764705896377563,6.764705657958984,,4.857142925262451,,,,1.7272727,2.3333333,3.2222223,1.363636374473572,,4.44444465637207,4.55555534362793,2,4.6666665,4.4375,,2.4285715,,4.5,,2.454545497894287,,4.2222223,3.2222223,3.625,5,4,3,,,,,,,,,6.25,,,,,,,5.888888835906982,,3.5,,0,3.8333333,4.4000001,7,,3.6666667,1.7,,,,2025.1
2019,23,0,1,2314,MM,,3.06,0,2018,9.93,6,0,4.400000095367432,5.933333396911621,7.0714288,1.6666666,4,1.600000023841858,7.6153846,3.1666667,1.3333334,6.5,9.3999996,.85714287,1.1666666,3.083333253860474,,5.357142925262451,,4.357142925262451,5.571428775787354,5.8461537,2,,1.357142806053162,,,,,1.642857193946838,,3.153846263885498,4.928571224212646,2.6363637,3.1818182,4.6153846,2.5,2.1428571,,1.899999976158142,,2.153846263885498,,2.6153846,7.5714288,,,2.6428571,2.4545455,,,,,,,,,6.769230842590332,,5.8333335,,6.307692527770996,,5.75,6.199999809265137,,,4.5454545,1.2857143,5.090909,3.7692308,9.5714283,4.3000002,,,,,,2025.1
2024,23,0,1,2314,Momentum,,6.47,10,2022,3.700000047683716,3,,4.166666507720947,5.222222328186035,6.0555553,3.3333333,1.75,1.444444417953491,8.4444447,1.4545455,1,6.777777671813965,8.7222223,1.3076923,.60000002,4.099999904632568,,8,,4.705882549285889,6.117647171020508,,1.571428537368774,,,,.90909094,.55555558,.77777779,.8181818127632141,,2.111111164093018,5.277777671813965,1.8235294,2.4375,5.4375,,1.4285715,,2.5,,1.363636374473572,,2.4444444,7,.8888889,7.6666665,3.2727273,1.1666666,,,,,,,,,6.25,,,,,,,6.375,,1.5,,0,6.1666665,5.5555553,8.75,,.83333331,.30000001,,,,2025.1
2024,23,0,1,2315,MKKP,,3.27,0,2022,3.589999914169312,9,,3.5,3.714285612106323,4.5882354,1.5,3.2,1.333333373069763,6,2,3.1666667,5.470588207244873,5.0555553,2.5555556,2.5,3,,5,,4.066666603088379,5.133333206176758,,2.285714387893677,,,,1.3636364,1.4444444,.875,.3636363744735718,,2.764705896377563,3.944444417953491,2.1538463,3.1333334,4.1875,,2,,.5,,1.799999952316284,,3,5.3333335,1.8888888,6.25,3.5555556,1,,,,,,,,,6.25,,,,,,,5.142857074737549,,4.5,,0,6.1666665,7.6666665,8,,2,.77777779,,,,2025.1
2024,23,0,1,2316,MHM,,5.88,6,2022,6.710000038146973,1,,9.29411792755127,4.625,4.8823528,.75,3.909091,9.529411315917969,8.5882349,.2,1.4,2.111111164093018,6.4117646,1.75,1.8,4.714285850524902,,2.5,,5.133333206176758,6,,10,,,,7,9.2222223,10,8.600000381469727,,9.647058486938477,9.117647171020508,.33333334,8.5,5.7333331,,10,,5.166666507720947,,7.599999904632568,,5.4444447,2.7777777,6.7142859,4.4285712,7.6999998,5.5999999,,,,,,,,,3,,,,,,,1.333333373069763,,8.5,,6,4,7.7777777,5.5,,9,7.2222223,,,,2025.1
2024,23,0,1,2318,Tisza,,0,0,2022,29.60000038146973,4,,6.166666507720947,5.466666698455811,7.4117646,1.2,6.0833335,5.25,5.25,2.8571429,3.1666667,5.470588207244873,7.625,1.9166666,6.1999998,3.428571462631226,,6.400000095367432,,4.75,5.800000190734863,,5.285714149475098,,,,3.25,4.5,5.4285712,4.800000190734863,,6.666666507720947,4.866666793823242,2.2307692,5.3636365,3.8333333,,6,,4,,4.545454502105713,,4.3333335,4.25,3.2,5.5,5.125,3,,,,,,,,,6.333333492279053,,,,,,,4.5,,4,,0,6.5,8.333333,9.25,,1.5,.89999998,,,,2025.1
2002,24,0,0,2401,JL,87423,23.9,26,2002,,2,1,6.75,7,,,,6.33,,,,6.5,6.6666665,4.4444447,,,,,,,,,,,,,,,,,,,,,,,,,,,,,,,,,,,,,,,,,,4.5,,6,3,,5.5,7,5.5,5,4.25,,,,,,,,,,,,,,2025.1
2006,24,0,1,2401,JL,87423,16.38,18,2006,19.70000076293945,2,.5,7,7,,,,5,,,,5.75,6.6666665,2.75,,6.25,5.670000076293945,7.670000076293945,6,7.5,2.329999923706055,,6,4.329999923706055,4.5,5.25,,,,3.75,3.25,5.75,3.329999923706055,,7.6700001,,,7.75,7,7.5,7.329999923706055,2.5,4,,,,,,7,3.3299999,,,9,8.25,,5,,6,,,,6,,,6.25,5.25,,,,,,,,,,,,,2025.1
2002,24,0,0,2402,PCTVL,87422,19,25,2002,,6,0,1.25,1.67,,,,6.33,,,,4.25,4.1666665,5.5555553,,,,,,,,,,,,,,,,,,,,,,,,,,,,,,,,,,,,,,,,,,5.25,,2.5,4.5,,5.67,6,5.5,5,4.25,,,,,,,,,,,,,,2025.1
2006,24,0,1,2402,PCTVL,87422,6.03,6,2006,10.69999980926514,6,0,1.25,1.5,,,,4.5,,,,4.5,2.5,3.25,,2.5,5,2,2.329999923706055,1.25,,,5.75,3.670000076293945,4.75,4.25,,,,1.5,2,4.25,2.329999923706055,,3.6700001,,,.5,6.3299999,.3300000131130219,9.670000076293945,1.25,2.670000076293945,,,,,,5,2,,,.25,6.5,,5.25,,4.25,,,,5.33,,,4.5,3.75,,,,,,,,,,,,,2025.1
2014,24,0,1,2402,LKS,87422,1.6,0,2014,6.4,6,0,3.25,2.857142925262451,6,,,8.285714149475098,7.5555553,,,2.888888835906982,3.8888888,3.5,,3.799999952316284,,2.833333253860474,,2.666666746139526,,1.75,7.25,,8.833333015441895,,,,,6.800000190734863,,4.25,,,3.5,,,4.125,,.5,,2.5,,6.5,,,,,3.5,,8.8571424,,,,3,2.833333253860474,,4,,2,,6,,,2.125,4,,,,,9.4285717,6.3333335,,,,7,12,11,2025.1
2019,24,0,1,2402,LKS,87422,3.22,0,2018,6.24,6,0,2.272727251052856,3.200000047683716,3.6666667,1.6666666,5.5,7,5.125,6,1,4.300000190734863,5.3000002,3.2,5.25,3.833333253860474,,3.142857074737549,,2.777777671813965,5.55555534362793,4,5.428571224212646,,5.125,,,,,5.428571224212646,,4.75,3.75,2.6666667,3.5,5,2.4000001,2.5,,.4166666567325592,,3.142857074737549,,5.5,2.25,,,4.8000002,4.1666665,,,,,,,,,4.666666507720947,,3.6666667,,5.375,,3.857142925262451,3.099999904632568,,,4.5,1,3.7142856,7.2727275,3.375,7.6666665,,,,,,2025.1
2024,24,0,1,2402,LKS,87422,3.67,0,2022,,6,,2.866666555404663,2.611111164093018,5.0588236,3.3333333,6,8.25,5.0666666,2.75,3.3636363,3.318181753158569,3.4736843,2.5,4.5555553,4.25,,5.333333492279053,,2.615384578704834,5.666666507720947,,5,,,,3.75,5.5999999,8.5714283,5,,4.5,3.888888835906982,2.5714285,2.1818182,5.0833335,,4.5555553,,.8181818127632141,,4.25,,4,2.25,7.5999999,1.8571428,4,2.3333333,,,,,,,,,5.199999809265137,,,,,,,1,,9.5714283,,1.875,5.25,8.2857141,2,,4.8571429,1,,,,2025.1
2002,24,0,0,2403,TP,87610,16.6,20,2002,,2,0,7,8.33,,,,6,,,,6.25,7.5,3.6999998,,,,,,,,,,,,,,,,,,,,,,,,,,,,,,,,,,,,,,,,,,4,,6,3,,4.25,6.75,4.33,4,4.25,,,,,,,,,,,,,,2025.1
2006,24,0,1,2403,TP,87610,19.56,23,2006,6.599999904632568,2,1,7.25,7.75,,,,5.75,,,,6.5,8.333333,2,,6.5,5.670000076293945,7.329999923706055,6.670000076293945,8.25,2,,6.75,4.329999923706055,6,4.75,,,,3.75,3.25,5.25,3.329999923706055,,7.3299999,,,7.6700001,6.3299999,6.75,7.329999923706055,3.25,3.329999923706055,,,,,,6.3299999,3,,,9,8,,5,,6.25,,,,6.25,,,6.25,6,,,,,,,,,,,,,2025.1
2002,24,0,0,2404,LPP,87521,9.5,10,2002,,4,1,5.5,6.67,,,,8.33,,,,5.75,4.1666665,4.811111,,,,,,,,,,,,,,,,,,,,,,,,,,,,,,,,,,,,,,,,,,6,,5.5,,,5,6.25,6,4.5,4.67,,,,,,,,,,,,,,2025.1
2006,24,0,1,2404,LPP,87521,5.76,6.6999998,2006,3.299999952316284,4,1,7,7.75,,,,8,,,,5.75,5.8333335,3.5,,7.5,7.670000076293945,7.329999923706055,5,8,2.670000076293945,,6.5,4.329999923706055,9.75,7.670000076293945,,,,10,10,4.5,3,,4.6700001,,,3.5,5.3299999,3.25,7.329999923706055,3.5,2,,,,,,6.3299999,2.3299999,,,6.5,5.25,,5,,6.25,,,,5.75,,,5.75,5.25,,,,,,,,,,,,,2025.1
2002,24,0,0,2405,ZZS,87110,9.4,.1,2002,,7,1,3.75,3.67,,,,6.33,,,,4.75,4.1666665,5.5555553,,,,,,,,,,,,,,,,,,,,,,,,,,,,,,,,,,,,,,,,,,3.33,,3,,,6.25,6.5,4.33,4.5,4.67,,,,,,,,,,,,,,2025.1
2006,24,0,1,2405,ZZS,87110,16.71,18,2006,4.300000190734863,7,1,5,6,,,,5.75,,,,5,5,4.5,,5,5.329999923706055,6.670000076293945,6,7,2.329999923706055,,6.25,3.670000076293945,7.5,4.75,,,,3.75,2.75,7,4.329999923706055,,8,,,7.25,6,6.25,7.329999923706055,6.5,6.329999923706055,,,,,,2.3299999,4.6700001,,,6.75,5,,4.75,,4.5,,,,5.5,,,5.5,4.5,,,,,,,,,,,,,2025.1
2010,24,0,1,2405,ZZS,87110,12.22,13,2011,3.700000047683716,7,0,5.44444465637207,4.333333492279053,,,,6,,,,4.125,5.8333335,5.5714288,,4.75,4,4.285714149475098,5,4.55555534362793,5,,5.857142925262451,4,7.75,4.875,,,,3.625,2.5,6.428571224212646,6,,6.5,5.375,,,,6.333333492279053,5.111111164093018,7.777777671813965,8.125,4.4285712,7.1428571,,,,2.1666667,7.1666665,5.125,4.1666665,,,1.6666666,4.142857074737549,,4,,,,5.25,,,4.571428775787354,3.599999904632568,,,,,,,,,,,,,2025.1
2014,24,0,1,2405,ZZS,87110,19.5,21,2014,8.300000000000001,7,.5,5.900000095367432,5.666666507720947,7.4444447,,,7.222222328186035,5.2222223,,,5,6.0999999,5,,5.857142925262451,,5,,6.714285850524902,,6.5,5.571428775787354,,7.222222328186035,,,,,4.125,,6.285714149475098,,,5.8571429,,,7.375,,6.888888835906982,,7,,5.6666665,,,,,4.3333335,,3.875,,,,1.5,4.25,,5.375,,4.25,,6.375,,,5.25,4.25,,,,,5.5,3.7777777,,,,18,10,4,2025.1
2019,24,0,1,2405,ZZS,87110,9.970000000000001,11,2018,5.34,7,0,5.818181991577148,5.454545497894287,5.909091,3.5,5.6666665,7.636363506317139,5.4000001,4.7142859,1.6666666,4.818181991577148,5.6363635,4.6666665,3.75,5.5,,4.909090995788574,,5.727272510528564,4.363636493682861,5.75,6.166666507720947,,7.5,,,,,5,,7.166666507720947,5.75,3.5555556,7,4.818182,3.25,7.090909,,6.272727489471436,,8.909090995788574,,5.9166665,4.3000002,,,8.3000002,2.9166667,,,,,,,,,4.818181991577148,,3.8888888,,6.333333492279053,,2.454545497894287,4.099999904632568,,,6.25,3.2,2.8,4.0833335,3.1666667,7.7272725,,,,,,2025.1
2024,24,0,1,2405,ZZS,87110,12.58,16,2022,2.299999952316284,7,,5.772727489471436,5.400000095367432,7.304348,3.2857144,4.5833335,6.958333492279053,4.4499998,3.2,4.8125,5.320000171661377,6.25,3.625,3.5384614,4.666666507720947,,4.125,,5.277777671813965,4.777777671813965,,6,,,,3.8888888,6.6666665,6.4000001,4.5,,6.904761791229248,5.210526466369629,2.75,7.2777777,5.0588236,,7,,4.599999904632568,,6.333333492279053,,4.25,4.7142859,5,4.7777777,6.6666665,3.8181818,,,,,,,,,5,,,,,,,5,,2.4285715,,2.9166667,4.375,3.1111112,6,,6,2.3333333,,,,2025.1
2002,24,0,0,2406,TB-LNNK,87723,5.4,7,2002,,1,1,7.75,5.33,,,,6.67,,,,5.25,5.8333335,6.3000002,,,,,,,,,,,,,,,,,,,,,,,,,,,,,,,,,,,,,,,,,,4,,4.25,4,,5.33,6.5,5,3.33,4,,,,,,,,,,,,,,2025.1
2006,24,0,1,2406,TB-LNNK,87723,6.94,8,2006,29.79999923706055,1,.5,9,7.75,,,,8.5,,,,4.75,4.1666665,3.25,,6.5,,7,4.670000076293945,8,2.670000076293945,,7,3.670000076293945,7.5,7.25,,,,5.5,5,9.25,9.670000076293945,,10,,,9.75,9.6700001,9.75,9.329999923706055,5,6.329999923706055,,,,,,6.6700001,2.6700001,,,8.25,7.5,,5.5,,4.75,,,,5.5,,,5.5,3.5,,,,,,,,,,,,,2025.1
2010,24,0,1,2406,NA,87723,13.88,14,2011,7.5,1,1,7.75,5.111111164093018,,,,6.666666507720947,,,,4.44444465637207,5.1851854,5.25,,5,4.428571224212646,4.714285850524902,4.428571224212646,5.55555534362793,4.375,,5.571428775787354,4.333333492279053,8.125,5.375,,,,3.625,3,6.714285850524902,8.571428298950195,,9.25,7.875,,,,9.222222328186035,8.333333015441895,6.25,6.428571224212646,5,5.2857141,,,,4.5,5.1999998,3.25,5,,,1.4444444,4.857142925262451,,4.375,,,,5.5,,,5.25,3,,,,,,,,,,,,,2025.1
2014,24,0,1,2406,NA,87723,16.6,17,2014,14.3,1,1,8.300000190734863,5.888888835906982,6.6666665,,,8.111110687255859,6.6666665,,,5.699999809265137,6.8000002,3.875,,5.625,,4.875,,5.875,,6.625,6.125,,7.44444465637207,,,,,5.375,,8.714285850524902,,,8,,,9.75,,8.777777671813965,,6.125,,6.3333335,,,,,6.1428571,,2.25,,,,1.1111112,4.875,,5.75,,4.2222223,,6.714285850524902,,,6.25,3.799999952316284,,,,,5,6.8888888,,,,12,10,9,2025.1
2019,24,0,1,2406,NA,87723,11.08,13,2018,16.4,1,1,8.454545021057129,6.090909004211426,4.818182,3.5,4.6666665,8.090909004211426,7.8000002,3.8571429,2.3333333,4.727272510528564,6.3636365,4.5,3.75,5.5,,5,,6.272727489471436,3.818181753158569,5.9166665,7.833333492279053,,9,,,,,5.599999904632568,,9.666666984558105,9,2.090909,9.1000004,7.818182,1,9.916667,,9.666666984558105,,6.333333492279053,,5.3636365,2.8181818,,,7.4000001,5.818182,,,,,,,,,5.333333492279053,,4.1999998,,5.833333492279053,,1.416666626930237,3.833333253860474,,,7.9166665,5.909091,4.1999998,3.6666667,5,7.4545455,,,,,,2025.1
2024,24,0,1,2406,NA,87723,9.4,13,2022,22.31999969482422,1,,7.842105388641357,5.75,6.25,1.8,4.4545455,9.050000190734863,8.1578951,1.4,2.8461537,5.38095235824585,6.8000002,3.625,2.7,5.111111164093018,,4.199999809265137,,5.6875,5.400000095367432,,7.714285850524902,,,,5.3000002,7.1428571,8.8000002,6,,9.157895088195801,8.157895088195801,1.0666667,9.1176472,6.8125,,8.75,,8.199999809265137,,6.125,,4.75,4.8333335,6.625,4.25,7.1999998,6.75,,,,,,,,,5.400000095367432,,,,,,,4.166666507720947,,.5,,6.6666665,3.875,4.4285712,6,,5.8571429,2.8,,,,2025.1
2002,24,0,0,2407,LC,87410,4.9,0,2002,,3,0,5.5,6.33,,,,3.67,,,,7,10,3.6999998,,,,,,,,,,,,,,,,,,,,,,,,,,,,,,,,,,,,,,,,,,5,,6,5,,5.75,6.75,5.67,5,5,,,,,,,,,,,,,,2025.1
2006,24,0,1,2407,LC,87410,2.84,3.3,2006,6.5,3,1,6.75,8,,,,6,,,,7,8.333333,1.25,,7,7,8,7,8.5,2.670000076293945,,5,5.670000076293945,4.25,5.5,,,,3.5,4.25,4.25,3,,5,,,3.75,6.3299999,4.25,7.670000076293945,2,3,,,,,,6,2.3299999,,,8.25,7.75,,5.25,,6.75,,,,6.5,,,6.5,6,,,,,,,,,,,,,2025.1
2002,24,0,0,2408,LSDSP,,4,0,2002,,5,0,2.75,3,,,,7.67,,,,4.75,3.3333333,5.5555553,,,,,,,,,,,,,,,,,,,,,,,,,,,,,,,,,,,,,,,,,,5,,3.33,,,6,6.25,5,4.5,4.33,,,,,,,,,,,,,,2025.1
2006,24,0,1,2408,LSDSP,,3.5,0,2006,4.800000190734863,5,0,2.25,2.25,,,,6,,,,5.5,2.5,3.5,,2.25,5.329999923706055,,2.329999923706055,1.25,8.329999923706055,,5.75,3,6,3.75,,,,1.75,2.5,4.25,2.329999923706055,,5.3299999,,,3,4.6700001,2.5,7.329999923706055,2,3.329999923706055,,,,,,5.3299999,2,,,2,4.5,,4.75,,4.5,,,,5.25,,,4.5,3.75,,,,,,,,,,,,,2025.1
2006,24,0,1,2410,SC,87340,14.42,17,2006,4.800000190734863,5,0,3,3.25,,,,4.25,,,,5.5,4.1666665,3.5,,3.5,5.329999923706055,4,3.670000076293945,4,3.670000076293945,,5,5.329999923706055,5.329999923706055,4,,,,2.5,2.5,2.75,2.670000076293945,,3.6700001,,,3.75,5.6700001,1,8.329999923706055,2,3,,,,,,5.3299999,2.3299999,,,3,4.25,,5,,5,,,,5.5,,,4.5,4.5,,,,,,,,,,,,,2025.1
2010,24,0,1,2410,SC,87340,28.36,31,2011,19.60000038146973,5,0,3.25,2.333333253860474,,,,5.333333492279053,,,,3.111111164093018,4.4444442,5.75,,3.125,4.857142925262451,3.285714387893677,5,2.555555582046509,5.375,,5,5.166666507720947,7,5,,,,3.25,3.25,4.714285850524902,6.571428775787354,,1.875,7,,,,1.222222208976746,9.111110687255859,3.125,4.714285850524902,6.1666665,4.6666665,,,,3.6666667,5.4000001,6.75,3.5714285,,,2.4285715,4.428571224212646,,3.857142925262451,,,,5,,,3.125,3.799999952316284,,,,,,,,,,,,,2025.1
2014,24,0,1,2410,SDPS,87340,23,24,2014,13,5,0,4,3.555555582046509,7.5555553,,,7,4.6666665,,,4.199999809265137,4.6999998,3.7142856,,5,,3.75,,3.125,,3.375,5.375,,7.111111164093018,,,,,4.857142925262451,,4.714285850524902,,,3.4285715,,,3,,1.444444417953491,,2.625,,7,,,,,4.5,,7.625,,,,2.1111112,3.857142925262451,,4.875,,3.1428571,,6.142857074737549,,,3,4,,,,,7.375,4,,,,7,13,11,2025.1
2019,24,0,1,2410,SDPS,87340,19.92,23,2018,17.45,5,0,3.454545497894287,4,6.181818,3.6666667,5,6.272727489471436,4.5,3.5714285,3.6666667,5.545454502105713,5.909091,3.8333333,5.75,4.699999809265137,,3.727272748947144,,3.090909004211426,6.363636493682861,3.0833333,5.75,,6.333333492279053,,,,,4.666666507720947,,5.583333492279053,4.083333492279053,3.75,4.4000001,4.5454545,3,2.9166667,,.75,,3.272727251052856,,6.3333335,2.2727273,,,4.3333335,4.25,,,,,,,,,5.416666507720947,,3.2,,5.909090995788574,,3.363636255264282,3.545454502105713,,,4.1666665,1.4545455,3.0999999,6,3.4166667,8.090909,,,,,,2025.1
2024,24,0,1,2410,Saskana,87340,4.86,0,2022,7.210000038146973,5,,3.285714387893677,3.279999971389771,6.7272725,3.8333333,5,6.476190567016602,4.5263157,4.5999999,4.3846154,4.840000152587891,5.478261,3.6666667,4.2307692,4.222222328186035,,5.285714149475098,,2.9375,6.5,,5.333333492279053,,,,2.6666667,5.125,6.5,4.125,,5.058823585510254,4.375,3.1818182,3,4.8571429,,4.181818,,.9090909361839294,,3.571428537368774,,4.4285712,4.1666665,6.6666665,2.7777777,4.4000001,3.2857144,,,,,,,,,5.833333492279053,,,,,,,4.666666507720947,,7.5714288,,2.3636363,5.7142859,5.5,5,,5.25,1.8571428,,,,2025.1
2010,24,0,1,2411,ZRP,,20.82,22,2011,,2,1,6.375,6.666666507720947,,,,5.142857074737549,,,,6,7.0833335,5.2857141,,5.875,5.714285850524902,6,5.571428775787354,5.777777671813965,5.5,,4.166666507720947,5.599999904632568,5,5.285714149475098,,,,3.125,3.125,4.833333492279053,6.166666507720947,,3.75,6.625,,,,3.333333253860474,6.25,4.375,4.714285850524902,5.3333335,5.1666665,,,,3.6666667,5.4000001,3.5714285,4.2857141,,,1,4.666666507720947,,5.142857074737549,,,,5.833333492279053,,,5,4.400000095367432,,,,,,,,,,,,,2025.1
2010,24,0,1,2412,V,87062,18.83,20,2011,34.90000152587891,3,1,6.75,6.55555534362793,,,,5.25,,,,6.222222328186035,8.5185184,5.125,,5.375,5.142857074737549,5.571428775787354,5.428571224212646,5.777777671813965,5.375,,4.571428775787354,4.833333492279053,5.428571224212646,4.25,,,,3.375,3,5.142857074737549,5.714285850524902,,6.125,6.125,,,,5.55555534362793,5.777777671813965,4.625,5.428571224212646,5.2857141,5.1428571,,,,4.8333335,5.4000001,3.5,4.8571429,,,1.1111112,5.428571224212646,,5.75,,,,6,,,5.875,4.857142925262451,,,,,,,,,,,,,2025.1
2014,24,0,1,2412,V,87062,21.9,23,2014,46.2,3,1,6.900000095367432,6.666666507720947,7.3333335,,,4,6,,,6.800000190734863,8.5,1.4444444,,5.75,,5.625,,6.75,,7.5,4.125,,4.111111164093018,,,,,3,,5.285714149475098,,,4.4285712,,,6.625,,6.888888835906982,,3,,6.8000002,,,,,7.2857141,,2,,,,1,6.125,,6.666666507720947,,5.5999999,,6.75,,,6.888888835906982,5.333333492279053,,,,,1.875,8.2222223,,,,10,8,3,2025.1
2019,24,0,1,2412,V,87062,6.74,8,2018,26.24,3,1,6.909090995788574,7.181818008422852,7.818182,3.1666667,3.6666667,4.818181991577148,6,4.8571429,3.3333333,6.800000190734863,8.454545,1.3333334,2.25,6.300000190734863,,6.363636493682861,,6.909090995788574,4.363636493682861,6.75,4.636363506317139,,3.363636255264282,,,,,3.700000047683716,,4.666666507720947,5.666666507720947,3.2222223,5.8000002,5.3636365,4,5.1666665,,5.166666507720947,,4.181818008422852,,5.9000001,4.2727275,,,3.3,6,,,,,,,,,6.583333492279053,,6.3000002,,6.083333492279053,,4.583333492279053,6,,,7,2.090909,1.9,2.5,5.8333335,6.818182,,,,,,2025.1
2024,24,0,1,2412,V,87063,19.16,26,2022,25.3700008392334,3,,5.954545497894287,6.119999885559082,7.5652175,2.875,3.5833333,3.625,4.8571429,4.4000001,3,6.833333492279053,8.8000002,.75,1.2142857,4.800000190734863,,4.25,,5.722222328186035,4.777777671813965,,5.199999809265137,,,,1.5555556,3.25,2.909091,3.428571462631226,,5.714285850524902,4.800000190734863,2.875,6.2105265,5.2941175,,5.9000001,,5,,3.714285612106323,,3.25,5.5714288,3.8888888,5,3.2,6.2727275,,,,,,,,,6.571428775787354,,,,,,,6.166666507720947,,.42857143,,1,2.5555556,1.5555556,7,,4.625,2,,,,2025.1
2014,24,0,1,2413,NSL,,6.9,7,2014,,2,0,5.142857074737549,4.857142925262451,7.7777777,,,7.714285850524902,6.8888888,,,4.222222328186035,4.8888888,5,,5.800000190734863,,4.25,,4.833333492279053,,4.8000002,6.199999809265137,,7,,,,,6.800000190734863,,6.25,,,5.3333335,,,5,,4.333333492279053,,4,,7.25,,,,,5.25,,6.5,,,,2.5,5,,4.833333492279053,,3.5999999,,6.166666507720947,,,4.800000190734863,3,,,,,9,8.1428576,,,,1,3,13,2025.1
2014,24,0,1,2414,LRA,,6.7,8,2014,2.5,8,0,5.666666507720947,5.625,7.7777777,,,7,6.5555553,,,5.125,5.6666665,4.6666665,,5.833333492279053,,4.800000190734863,,5.428571224212646,,5.5,6.199999809265137,,6.400000095367432,,,,,5.75,,6.25,,,6.75,,,6.2857141,,5.833333492279053,,6.833333492279053,,7.25,,,,,3.2857144,,5.75,,,,2,4.5,,5.428571224212646,,4,,6.428571224212646,,,5.333333492279053,3,,,,,7.7142859,7.1666665,,,,4,1,3,2025.1
2019,24,0,1,2414,LRA,,4.17,0,2018,4.98,8,0,6,6.625,6.1428571,4.75,4,6.222222328186035,5.2857141,6,4.3333335,5.333333492279053,5.4000001,3.4000001,3.75,5.5,,5.714285850524902,,6.285714149475098,4.428571224212646,5.875,4.75,,5.777777671813965,,,,,4.625,,6.666666507720947,4.666666507720947,3.75,6,4,2.5,6.1999998,,6.25,,7.55555534362793,,5.5,2.75,,,7,2.4545455,,,,,,,,,5.625,,4.6666665,,6.300000190734863,,3.5,4.75,,,4.5555553,1.5,3.875,5.5555553,6,6.1428571,,,,,,2025.1
2024,24,0,1,2414,AS,,11.14,15,2022,8.270000457763672,8,,6.142857074737549,5.916666507720947,7.5454545,3.5999999,5.0833335,6.809523582458496,5.3157897,4.5,4,5.583333492279053,6.4347825,3.2857144,3.3846154,4.800000190734863,,5.5,,5.882352828979492,4.125,,6.666666507720947,,,,3.875,6,7,4.142857074737549,,6.789473533630371,5.449999809265137,2.6666667,7.647059,5.0588236,,7.090909,,6.099999904632568,,6.142857074737549,,4.125,4.1428571,5.3333335,4.1111112,6.3333335,3.5999999,,,,,,,,,5.142857074737549,,,,,,,4.666666507720947,,.33333334,,3,4.375,4,5.6666665,,6.125,2.3333333,,,,2025.1
2019,24,0,1,2415,KPV LV,87730,14.33,16,2018,,2,1,5.699999809265137,5,5.6363635,6,6.3333335,5.5,4.5,5.6666665,5.6666665,5.090909004211426,5,4.6666665,6.75,6.55555534362793,,6.599999904632568,,5.5,5,5.9000001,6,,5.727272510528564,,,,,4.333333492279053,,6.75,5.333333492279053,5,6.2222223,4.5555553,4.7142859,5.8333335,,5.5,,4.599999904632568,,6.1428571,2.090909,,,6.3333335,5.7777777,,,,,,,,,5.545454502105713,,3.7777777,,5.727272510528564,,2.900000095367432,4.699999809265137,,,5.25,1.5,6.2727275,8.916667,8.25,6.181818,,,,,,2025.1
2019,24,0,1,2416,JKP,87640,13.67,16,2018,4.35,3,1,7.272727489471436,6.181818008422852,5.090909,4,5.6666665,7.090909004211426,6.1999998,3.5714285,3,5.727272510528564,5.3636365,3.3333333,3.5,5.5,,5.272727489471436,,5.363636493682861,4,5.5833335,7.083333492279053,,7.333333492279053,,,,,4.818181991577148,,7.666666507720947,6,3,7.0999999,5.181818,3.125,7.6666665,,7.916666507720947,,4.800000190734863,,6.2857141,2.2727273,,,6.4000001,6.181818,,,,,,,,,5.916666507720947,,4.4000001,,6,,2.5,5.083333492279053,,,6.6666665,3.2727273,4.4000001,6.3333335,8.666667,8.727273,,,,,,2025.1
2019,24,0,1,2417,AP!,87042,12.12,13,2018,12.42,3,1,5.818181991577148,5.900000095367432,6.818182,4.4000001,3.6666667,1.909090876579285,7.4000001,3,2,6.636363506317139,7.909091,1.2,2.5,5.099999904632568,,5.363636493682861,,4.727272510528564,5,5.5,3.75,,1.272727251052856,,,,,3,,4.083333492279053,5.416666507720947,2.75,2.75,6.0999999,3,2.75,,4.181818008422852,,3.272727251052856,,4.818182,4.4545455,,,3.5,6.5,,,,,,,,,6.727272510528564,,5.6666665,,6.181818008422852,,5,6.300000190734863,,,6.181818,1.7,3.5999999,3.909091,7.090909,6.5454545,,,,,,2025.1
2024,24,0,1,2417,AP!,87042,5.03,0,2022,9.460000038146973,3,,5.181818008422852,5.71999979019165,6.826087,3,4.090909,3,6.4499998,2.25,2.0666666,6.71999979019165,8.391304,1.625,1.6428572,4.666666507720947,,5,,4.823529243469238,4.875,,3.428571462631226,,,,1.2222222,3.1111112,1.0909091,3,,3.666666746139526,5.44444465637207,2.7692308,4.2222223,5.7692308,,2.9000001,,4,,3.333333253860474,,4.1111112,6.1666665,3.2222223,5.8888888,4,6.125,,,,,,,,,7,,,,,,,6,,.71428573,,1.5,3.3333333,3.625,6.5,,3,2,,,,2025.1
2024,24,0,1,2418,S!,87735,6.88,11,2022,2,8,,4.25,3.39130425453186,5.7727275,2.75,5.6363635,8.34782600402832,6.4000001,3.4000001,3.0769231,3,4.0416665,3,4.9230771,6,,5.199999809265137,,4,5.0625,,5.625,,,,4.375,6,8.3000002,4.428571224212646,,6.357142925262451,4.588235378265381,2.6363637,3.2727273,4.5,,5.090909,,1.181818127632141,,3.571428537368774,,5.1999998,3,6.5714288,3.4444444,5.4000001,3.5714285,,,,,,,,,4.333333492279053,,,,,,,3.333333253860474,,9.166667,,2.3333333,7.2222223,7.3333335,5.3333335,,5.875,2.8333333,,,,2025.1
2024,24,0,1,2419,LPV,87736,6.31,9,2022,6.230000019073486,9,,6.684210300445557,6.08695650100708,7.9565215,2.4000001,5,8.636363983154297,7.5500002,2,2.2666667,3.5,4.2173915,3.1666667,4.6923075,7.111111164093018,,6.571428775787354,,6.666666507720947,5.266666889190674,,6.666666507720947,,,,6.1111112,7.375,8.6999998,7.75,,6.625,5.111111164093018,2,4.5,4.4666667,,6.1999998,,3,,4.857142925262451,,5.8571429,3,6.1428571,3,4.1666665,5.6666665,,,,,,,,,5.142857074737549,,,,,,,2.833333253860474,,7.8000002,,3.7777777,7.4285712,7.6666665,5,,7.75,3.5,,,,2025.1
2024,24,0,1,2420,Progresivie,87312,6.23,10,2022,7.53000020980835,7,,2.681818246841431,2.720000028610229,7,3.1666667,3.75,1.17391300201416,7.8095236,2.5,1.4375,6.880000114440918,8.6400003,1.875,1.3571428,2.666666746139526,,3.555555582046509,,2.105263233184814,7,,3,,,,.44444445,1.8888888,.18181819,2.5,,2.571428537368774,5.5,2.8235295,3.1500001,6.5882354,,1.9090909,,3.454545497894287,,3.285714387893677,,2.1111112,8,2.4444444,7.2222223,3.2,6,,,,,,,,,6.428571224212646,,,,,,,6.5,,.85714287,,1.75,4.75,4.4444447,5.3333335,,2.5,1.5714285,,,,2025.1
2002,25,0,0,2501,LSDP,88320,27.4,32,2000,,5,1,2.6,4,,,,6.2,,,,6.4,10,3.3333333,,,,,,,,,,,,,,,,,,,,,,,,,,,,,,,,,,,,,,,,,,4.8,,5,6.25,,6.4,6.4,5,5.5,5,,,,,,,,,,,,,,2025.1
2006,25,0,1,2501,LSDP,88320,13.36,14.2,2004,14.39999961853027,5,1,4,4.57,,,,4.83,,,,7,8.1000004,.80000001,,4.800000190734863,7.199999809265137,4,5.599999904632568,3,5.800000190734863,,4.400000095367432,4.800000190734863,5.75,3.5,,,,2.400000095367432,3,3.329999923706055,2,,2.3299999,,,3.4000001,2.5999999,3.599999904632568,3.200000047683716,4.800000190734863,4.599999904632568,,,,,,6,3.5,,,6.4000001,2.8,,5,,6.33,,,,6.67,,,5.2,4.5,,,,,,,,,,,,,2025.1
2010,25,0,1,2501,LSDP,88320,11.8,18.4,2008,18.1200008392334,5,0,4.153846263885498,4.307692527770996,,,,4.307692527770996,,,,6.538461685180664,6.1538458,3.6666667,,3.5,6.636363506317139,4.333333492279053,5.333333492279053,3.923076868057251,5.25,,4.166666507720947,5.166666507720947,5.083333492279053,4.833333492279053,,,,3.166666746139526,3.583333253860474,4.888888835906982,2.299999952316284,,5,1.8,,,,4.166666507720947,4.333333492279053,4,4,5.6666665,2.1111112,,,,5.1666665,3.2727273,3.9166667,4.25,,,1,5.55555534362793,,5.909090995788574,,,,6.75,,,6.272727489471436,4.599999904632568,,,,,,,,,,,,,2025.1
2014,25,0,1,2501,LSDP,88320,18.4,26.200001,2012,17.3,5,1,3.200000047683716,3.307692289352417,8.2857141,,,4.285714149475098,4.5714288,,,6.599999904632568,7.7333331,1.8571428,,3,,3.230769157409668,,3,,3,3.923076868057251,,4.083333492279053,,,,,3.272727251052856,,4.454545497894287,,,4.4000001,,,4.2727275,,3.333333253860474,,5.25,,5.6363635,,,,,4.3636365,,4.090909,,,,1,5.538461685180664,,5.571428775787354,,5.3571429,,6.615384578704834,,,6,5.454545497894287,,,,,1.8333334,4.8461537,,,,14,13,8,2025.1
2019,25,0,1,2501,LSDP,88320,15.04,20.700001,2016,15.88,5,0,2.363636255264282,2.818181753158569,7.5454545,3.5999999,2.1666667,2.727272748947144,5.7272725,3.6666667,3.5999999,6.727272510528564,7.4545455,2.6666667,1.75,2.272727251052856,,2.727272748947144,,3.090909004211426,8.181818008422852,2.2727273,3.090909004211426,,2.272727251052856,,,,,2.272727251052856,,4.181818008422852,4.454545497894287,3.2222223,4.8000002,4.181818,3.2222223,3.7272727,,3.454545497894287,,5.090909004211426,,4.5,4.3000002,,,5.090909,5.090909,,,,,,,,,5.454545497894287,,4.6666665,,6.363636493682861,,4.545454502105713,4.909090995788574,,,4.909091,.90909094,3.6363637,2.6363637,6.181818,6.090909,,,,,,2025.1
2024,25,0,1,2501,LSDP,88320,19.32,52,2024,17.97999954223633,5,,3.70588231086731,3.611111164093018,8.125,3.5999999,4.4545455,5.176470756530762,5.0588236,5.2857141,6.6666665,6.5789475440979,6.5555553,2,1,2.888888835906982,,3.599999904632568,,3.071428537368774,7.928571224212646,,4.166666507720947,,,,3,4.625,5.6666665,2.625,,5.1875,3.466666698455811,3.5,5.3846154,3.3076923,,5.4000001,,4.333333492279053,,5.875,,4.7142859,3.8333333,4,3.6666667,4.6666665,5,,,,,,,,,6,,,,,,,5.199999809265137,,2,,3.3333333,3.2222223,3.5,4.1999998,,5,1,,,,2025.1
2002,25,0,0,2502,NDP,,2.1,2,2000,,5,1,3.2,3.75,,,,6.25,,,,5.2,6.6666665,3.0555556,,,,,,,,,,,,,,,,,,,,,,,,,,,,,,,,,,,,,,,,,,4,,3.67,,,6.25,6,4.5,5,5,,,,,,,,,,,,,,2025.1
2002,25,0,0,2503,LRS,,2.1,2,2000,,8,1,2.2,2.25,,,,7,,,,4.2,3.3333333,4.2222223,,,,,,,,,,,,,,,,,,,,,,,,,,,,,,,,,,,,,,,,,,4,,4.5,3.5,,5.5,5.67,4,4,4.33,,,,,,,,,,,,,,2025.1
2002,25,0,0,2504,NS,88410,19.6,19.9,2000,,3,1,3.4,3.5,,,,6,,,,6,8,4,,,,,,,,,,,,,,,,,,,,,,,,,,,,,,,,,,,,,,,,,,3,,4.5,4,,6,6,4.5,5,5,,,,,,,,,,,,,,2025.1
2006,25,0,1,2504,NS,88410,7.34,7.8000002,2004,4.800000190734863,3,1,5.14,4.71,,,,4.4,,,,6.71,5.7000003,.80000001,,5.199999809265137,4.25,4.599999904632568,3.5,5.25,4,,4.400000095367432,4.800000190734863,5.25,3.75,,,,2.5,2.25,3.670000076293945,2.25,,2.6700001,,,2.75,3,4,2.5,3.599999904632568,4,,,,,,4.5,3.75,,,5,2,,4.67,,5.83,,,,6.5,,,5.2,3.8,,,,,,,,,,,,,2025.1
2010,25,0,1,2504,NS,88410,3.7,.69999999,2008,,3,0,4.07692289352417,4,,,,5.333333492279053,,,,6.199999809265137,3.3333333,5.1428571,,3.444444417953491,4.714285850524902,4.888888835906982,4,4,4.599999904632568,,4.818181991577148,3.5,6.25,2.777777671813965,,,,3.400000095367432,1.600000023841858,4.857142925262451,1.625,,4.8571429,1.5555556,,,,4.111111164093018,3.400000095367432,4.333333492279053,3.083333253860474,4.75,1.4444444,,,,5.090909,2.625,4.9000001,2.8181818,,,1.5384616,4.833333492279053,,5.666666507720947,,,,6.55555534362793,,,5.44444465637207,4,,,,,,,,,,,,,2025.1
2002,25,0,0,2505,LLS,88422,17.3,23.4,2000,,3,0,8.199999999999999,8.5,,,,2,,,,7,10,2.2222223,,,,,,,,,,,,,,,,,,,,,,,,,,,,,,,,,,,,,,,,,,4.4,,5.8,5.5,,3.4,5,4.33,5.5,5.4,,,,,,,,,,,,,,2025.1
2006,25,0,1,2505,LiCS,88430,9.199999999999999,12.8,2004,11.19999980926514,3,0,7,7.86,,,,3,,,,6.71,6.0999999,.80000001,,8.399999618530273,7.400000095367432,7.800000190734863,7,8.399999618530273,5.400000095367432,,2.599999904632568,5.199999809265137,3.25,4.5,,,,2,2.25,2.329999923706055,2.25,,2.3299999,,,3,4,3.75,2.25,2,5.800000190734863,,,,,,3.75,4.25,,,5.75,1.8,,3.67,,6.5,,,,6.5,,,5.4,3.6,,,,,,,,,,,,,2025.1
2010,25,0,1,2505,LiCS,88430,5.3,5.6999998,2008,3.380000114440918,3,0,6.230769157409668,6.75,,,,4.083333492279053,,,,6.07692289352417,4.7222223,4.1111112,,6.090909004211426,5.55555534362793,6.333333492279053,5.727272510528564,5.92307710647583,4.583333492279053,,4,4.666666507720947,4.181818008422852,4.416666507720947,,,,3.75,2.416666746139526,4.666666507720947,2.799999952316284,,4.6666665,1.7,,,,4.400000095367432,4,2.538461446762085,3.333333253860474,5.5555553,1.6666666,,,,4.1666665,3.0999999,4,3,,,1.1538461,4.44444465637207,,6.5,,,,6.25,,,5.5,4.222222328186035,,,,,,,,,,,,,2025.1
2002,25,0,0,2506,TS-LK,88620,8.6,6.4000001,2000,,2,0,8,7.25,,,,5.6,,,,7,10,2.4444444,,,,,,,,,,,,,,,,,,,,,,,,,,,,,,,,,,,,,,,,,,4.4,,5.4,5.25,,4.8,5.8,5,5.5,5.4,,,,,,,,,,,,,,2025.1
2006,25,0,1,2506,TS,88620,14.7,17.700001,2004,12.60000038146973,2,0,8.289999999999999,6.71,,,,8.17,,,,6.86,8.1000004,1,,7.599999904632568,7,7.599999904632568,6.199999809265137,7.199999809265137,4.199999809265137,,5.400000095367432,5.199999809265137,7.5,4.75,,,,6.199999809265137,4.5,5.670000076293945,2.25,,6.6700001,,,6.5999999,4.8000002,5,3.799999952316284,4,5,,,,,,5.75,4,,,7.5999999,3.5999999,,5,,6.6,,,,6.17,,,5.8,3.17,,,,,,,,,,,,,2025.1
2010,25,0,1,2506,TS,88620,19.6,31.200001,2008,26.15999984741211,2,1,6.615384578704834,5.692307472229004,,,,7.84615421295166,,,,6.692307472229004,7.9487181,4.7692308,,5.083333492279053,5.818181991577148,5.833333492279053,5.083333492279053,4.692307472229004,4.916666507720947,,5.416666507720947,5.416666507720947,8.416666984558105,6.083333492279053,,,,7.769230842590332,6.833333492279053,5.888888835906982,3,,6.8888888,3.0999999,,,,5.666666507720947,4.75,4.692307472229004,3.833333253860474,5.4444447,2.2222223,,,,4.75,3.4545455,3.0833333,4.8333335,,,1,5.222222328186035,,6.083333492279053,,,,6.666666507720947,,,5.909090995788574,3.799999952316284,,,,,,,,,,,,,2025.1
2014,25,0,1,2506,TS-LKD,88620,15.1,23.4,2012,17.4,2,0,7.642857074737549,6.538461685180664,7.0714288,,,7.285714149475098,7.3571429,,,6.533333301544189,8.2666664,3.5714285,,4.846153736114502,,5.07692289352417,,5.357142925262451,,5.0833335,6.153846263885498,,7.666666507720947,,,,,8,,6.090909004211426,,,6.8000002,,,7.0833335,,5.833333492279053,,3.416666746139526,,5.909091,,,,,5.5454545,,3.3636363,,,,1,5,,5.846153736114502,,5.6428571,,6.307692527770996,,,6.571428775787354,4.25,,,,,2,6.5384617,,,,10,13,16,2025.1
2019,25,0,1,2506,TS-LKD,88620,22.63,37.799999,2016,19.74,2,0,7.181818008422852,6.727272510528564,7.4545455,3.8,3.8333333,6.636363506317139,6.818182,7.1666665,3.4000001,6.818181991577148,8.363636,4.3333335,1.625,5.454545497894287,,5.454545497894287,,5.454545497894287,6.545454502105713,6,5.727272510528564,,6.181818008422852,,,,,7,,5.545454502105713,5,5.1111112,6.3636365,5.3636365,4.9000001,7.090909,,5.818181991577148,,3.636363744735718,,6.090909,3.5,,,4.181818,5.181818,,,,,,,,,6.272727489471436,,5,,6.272727489471436,,3.900000095367432,4.818181991577148,,,9.454545,1.5454545,3.7272727,2.2727273,6.818182,6.6363635,,,,,,2025.1
2024,25,0,1,2506,TS-LKD,88620,18,28,2024,21.32999992370605,2,,6.470588207244873,5.833333492279053,6.9375,4.8000002,3.090909,5,5.7647057,6.7142859,5,6.789473533630371,7.7894735,3,.33333334,3.666666746139526,,5.599999904632568,,5,6.07692289352417,,4.833333492279053,,,,3.4285715,3.625,5.3333335,6,,5.4375,4.5625,4.3571429,5.7857141,4.6923075,,5.4000001,,3.75,,3.777777671813965,,4.3333335,4.3333335,4,3.6666667,4,5.5,,,,,,,,,6,,,,,,,4.800000190734863,,.40000001,,4.3333335,2.4444444,.75,5,,4.75,.85714287,,,,2025.1
2002,25,0,0,2507,LVP,88810,4.1,2.8,2000,,11,0,2,1.5,,,,8.4,,,,3.4,6.6666665,5.5555553,,,,,,,,,,,,,,,,,,,,,,,,,,,,,,,,,,,,,,,,,,2,,2,2.25,,6.6,6.5,5,3,4.33,,,,,,,,,,,,,,2025.1
2006,25,0,1,2507,LVLS,88820,6.6,7.0999999,2004,7.400000095367432,11,0,3.29,4,,,,7.6,,,,6.43,5.2333331,.80000001,,3.599999904632568,4.5,3.5,2.5,4,3.75,,5.400000095367432,3.799999952316284,6.5,3.25,,,,4,2.75,3.670000076293945,2,,4.3299999,,,5.1999998,2.5,4.25,2.5,8.800000190734863,8.399999618530273,,,,,,3.25,5.25,,,3.75,2,,4.33,,5.2,,,,6.83,,,4.8,3.4,,,,,,,,,,,,,2025.1
2010,25,0,1,2507,LVLS,88820,3.7,2.0999999,2008,1.820000052452087,11,0,3.461538314819336,3.307692527770996,,,,6.92307710647583,,,,5.090909004211426,4.4444442,3.4444444,,2.909090995788574,5.699999809265137,3.799999952316284,4,3.416666746139526,5.545454502105713,,5.599999904632568,4.818181991577148,7.55555534362793,4.181818008422852,,,,5.5,3.099999904632568,5.625,2.333333253860474,,5.5,2,,,,4.55555534362793,4.090909004211426,8.84615421295166,8.916666984558105,6,3,,,,3.4166667,5.4545455,5.6666665,2.3,,,1.4615384,5,,4.888888835906982,,,,6.818181991577148,,,4.599999904632568,3.222222328186035,,,,,,,,,,,,,2025.1
2014,25,0,1,2507,LVZS,88820,3.9,.69999999,2012,6.6,11,0,3.866666555404663,3.416666746139526,5.9285712,,,6.166666507720947,4.2142859,,,4.692307472229004,5.0666666,4,,4.083333492279053,,3.200000047683716,,3.090909004211426,,3.6666667,6,,6.599999904632568,,,,,5.199999809265137,,6.5,,,6.625,,,6.2727275,,4.714285850524902,,8.818181991577148,,3.5454545,,,,,2.9000001,,5.75,,,,1.6153846,4.090909004211426,,4,,3.25,,6.166666507720947,,,4.454545497894287,3.142857074737549,,,,,6.2727275,4.7777777,,,,18,6,4,2025.1
2019,25,0,1,2507,LVZS,88820,,,2016,12.56,11,0,5.090909004211426,4,7.6363635,5.5999999,6.8333335,8.454545021057129,6.4545455,4.6666665,2.4000001,5.454545497894287,5.3636365,3.6666667,5.125,5.363636493682861,,3.818181753158569,,5.090909004211426,7.090909004211426,3,7.363636493682861,,8.181818008422852,,,,,7,,6.699999809265137,4.545454502105713,3.5555556,6.9000001,4.6363635,3.5,7.909091,,6.272727489471436,,9,,5.909091,3.4000001,,,6.818182,4.4545455,,,,,,,,,5.363636493682861,,3.7777777,,6.272727489471436,,3,4.199999809265137,,,4.2727275,1.5454545,6.181818,5.2727275,4.909091,8.818182,,,,,,2025.1
2024,25,0,1,2507,LVZS,88820,7.02,8,2024,9.130000114440918,11,,6.416666507720947,3.882352828979492,6.1999998,3.4000001,5.2727275,8.470588684082031,8.0625,2.1428571,1.8888888,5.05555534362793,5.5882354,2.8,4.2222223,4.625,,4.199999809265137,,4.333333492279053,5.666666507720947,,6.5,,,,6.75,8.125,9.166667,6.5,,7.066666603088379,5.125,2.6153846,7.4166665,4.2307692,,8.1999998,,6.5,,8.888889312744141,,7,5.1666665,6.8333335,5.3333335,7,6.3333335,,,,,,,,,6,,,,,,,2.75,,3.5,,3.3333333,6.1111112,7,6,,6.5,2.5999999,,,,2025.1
2002,25,0,0,2508,LKDP,88521,3.1,1.4,2000,,4,0,7.4,4.25,,,,8.199999999999999,,,,5.4,6,4.8888888,,,,,,,,,,,,,,,,,,,,,,,,,,,,,,,,,,,,,,,,,,3.67,,2.75,3,,5.75,6.2,5,3,4.5,,,,,,,,,,,,,,2025.1
2002,25,0,0,2509,LCS,88420,2.9,1.4,2000,,3,0,5.6,6.25,,,,4.2,,,,6.4,10,3.7777779,,,,,,,,,,,,,,,,,,,,,,,,,,,,,,,,,,,,,,,,,,4.75,,5,5.67,,4.2,5,4.5,6,5.75,,,,,,,,,,,,,,2025.1
2002,25,0,0,2510,NKS,,2,.69999999,2000,,2,0,6.6,5.5,,,,5.25,,,,6,5.8333335,4.1666665,,,,,,,,,,,,,,,,,,,,,,,,,,,,,,,,,,,,,,,,,,4,,4.33,4.33,,5.67,5,4,4,4,,,,,,,,,,,,,,2025.1
2002,25,0,0,2511,LLRA,88951,1.9,1.4,2000,,8,0,3.4,4,,,,7.25,,,,5.25,6.6666665,3.3333333,,,,,,,,,,,,,,,,,,,,,,,,,,,,,,,,,,,,,,,,,,5,,4,3,,6,6.25,4,4,5,,,,,,,,,,,,,,2025.1
2006,25,0,1,2511,LLRA,88951,3.8,1.4,2004,5.699999809265137,8,0,4.33,3.8,,,,7.4,,,,5.71,2.8666668,1,,4,1.25,3.75,1,4.75,2,,5,1.75,6.5,2.75,,,,6,3.25,4.670000076293945,.75,,1,,,4.25,5,.2000000029802322,9.399999618530273,7,4.75,,,,,,2.25,6.5,,,4,1.25,,4.33,,5,,,,6.2,,,4.6,3.75,,,,,,,,,,,,,2025.1
2010,25,0,1,2511,LLRA,88951,4.8,2.0999999,2008,8.199999809265137,8,0,4.75,4.125,,,,8.199999809265137,,,,5.55555534362793,4.545454,2.625,,3.625,3.875,3.75,3,4,3.714285612106323,,7.142857074737549,4.888888835906982,8.875,5.55555534362793,,,,7.636363506317139,5.818181991577148,5.428571224212646,3.125,,1.75,3.875,,,,.4166666567325592,9.5,6.5,4.75,6.4285712,1.375,,,,2.5,6.2727275,5.1999998,2.625,,,2.6153846,5.375,,5.285714149475098,,,,6.333333492279053,,,5.166666507720947,3.833333253860474,,,,,,,,,,,,,2025.1
2014,25,0,1,2511,LLRA,88951,5.8,5.6999998,2012,8.1,8,1,5.461538314819336,3.583333253860474,3.5,,,8.857142448425293,7.3571429,,,4.214285850524902,3.6666667,1.3333334,,4.300000190734863,,3.875,,3.583333253860474,,3.5555556,7.090909004211426,,8.916666984558105,,,,,9,,6.166666507720947,,,4.3333335,,,6.75,,1.25,,7.400000095367432,,5.1666665,,,,,2.5999999,,6.2857141,,,,1.5,4.416666507720947,,4.416666507720947,,3.6363637,,6.099999904632568,,,4,3.125,,,,,6.2727275,4.3000002,,,,7,15,12,2025.1
2019,25,0,1,2511,LLRA,88951,5.72,9.8000002,2016,5.5,8,1,6.090909004211426,2.818181753158569,5.4545455,2.5,4.3333335,9.454545021057129,7.909091,2.6666667,2.2,4.5,4.909091,2.6666667,4.2857141,3.799999952316284,,3.333333253860474,,3.222222328186035,5.5,3.0999999,7.800000190734863,,9,,,,,8.454545021057129,,7.300000190734863,5.272727489471436,2.5555556,6.5555553,4.7272725,3.1111112,8.181818,,1.636363625526428,,8.272727012634277,,5.7777777,1.4444444,,,6.4000001,3.5454545,,,,,,,,,4.900000095367432,,3.5555556,,6.199999809265137,,2.599999904632568,3.700000047683716,,,3.090909,2.4545455,5.0999999,5.090909,4.181818,9.090909,,,,,,2025.1
2024,25,0,1,2511,LLRA,88951,3.88,3,2024,5.78000020980835,8,,7.066666603088379,3.466666698455811,4.6428571,3,5.2727275,9.058823585510254,8.3529415,1.1666666,1.5555556,4.4210524559021,4.8235292,2.25,5,3.625,,4.666666507720947,,3.888888835906982,5.300000190734863,,6.599999904632568,,,,7.875,8.5,9.666667,8.5,,7,5.142857074737549,2.090909,6.6999998,4.0999999,,7.8000002,,.6000000238418579,,8.25,,5.5,3.2,6.6666665,2.4000001,6.3333335,5,,,,,,,,,6,,,,,,,2.666666746139526,,5.25,,4,7,6.3333335,4.1999998,,5.6666665,2,,,,2025.1
2002,25,0,0,2512,LLS,,1.3,.69999999,2000,,1,0,7.8,.75,,,,8.75,,,,2.2,5.333333,3.7777779,,,,,,,,,,,,,,,,,,,,,,,,,,,,,,,,,,,,,,,,,,2.5,,1.4,1.5,,6.5,5,6,2,1.67,,,,,,,,,,,,,,2025.1
2002,25,0,0,2513,JL-PKS,,1.2,.69999999,2000,,1,0,9.800000000000001,2.25,,,,8.6,,,,1.6,4,3.3333333,,,,,,,,,,,,,,,,,,,,,,,,,,,,,,,,,,,,,,,,,,1.5,,1.5,1.67,,6,5,6,2,1.67,,,,,,,,,,,,,,2025.1
2002,25,0,0,2514,MKDS,,,2.0999999,2000,,4,0,7,6.75,,,,5,,,,6.6,9.333333,2.2222223,,,,,,,,,,,,,,,,,,,,,,,,,,,,,,,,,,,,,,,,,,5,,5.6,5,,4.5,5.6,5,5.5,6,,,,,,,,,,,,,,2025.1
2006,25,0,1,2515,TT,88460,11.4,7.0999999,2004,6.800000190734863,2,0,4.86,4.14,,,,8.800000000000001,,,,5.71,4.7666669,1,,4,3.75,4,2,2.200000047683716,5.599999904632568,,9,8.600000381469727,8.25,5.5,,,,5.75,3.75,6,2.5,,6,,,6.4000001,3.5999999,4.75,3.75,6.800000190734863,5.599999904632568,,,,,,3.5,5,,,2.75,3.2,,3.67,,5.33,,,,6,,,4,3.17,,,,,,,,,,,,,2025.1
2010,25,0,1,2515,TT,88460,12.7,10.6,2008,11.89999961853027,2,0,6.25,4.846153736114502,,,,8.615385055541992,,,,4.615384578704834,4.4444442,3.6363637,,3.272727251052856,6.199999809265137,4.599999904632568,5.090909004211426,3.333333253860474,4.727272510528564,,8,6.666666507720947,9,6.818181991577148,,,,6.363636493682861,3.900000095367432,6.44444465637207,3.299999952316284,,7.2222223,4.090909,,,,5.818181991577148,4.333333492279053,5.833333492279053,4.363636493682861,6.5555553,1.3333334,,,,4.3333335,4.4545455,5.4545455,3.7272727,,,1.6153846,4.375,,5.111111164093018,,,,6.181818008422852,,,4.900000095367432,3.333333253860474,,,,,,,,,,,,,2025.1
2014,25,0,1,2515,TT,88460,7.3,7.8000002,2012,14.3,2,1,6.615384578704834,4.384615421295166,5.3571429,,,8.285714149475098,6.7857141,,,3.200000047683716,6.0666666,6,,4.545454502105713,,3.636363744735718,,3.615384578704834,,3.2727273,8.076923370361328,,9,,,,,7.5,,6.454545497894287,,,7.5,,,7.75,,6.166666507720947,,6.363636493682861,,5.3333335,,,,,3.7272727,,5.4444447,,,,1.8571428,4,,4.307692527770996,,2.9285715,,5.846153736114502,,,3.846153736114502,2.666666746139526,,,,,7.5,6.3333335,,,,1,16,8,2025.1
2019,25,0,1,2515,TT,88460,5.55,9.8000002,2016,2.73,2,1,6.636363506317139,4.272727489471436,5.2727275,4.8000002,5.1666665,8.636363983154297,6,4.3333335,3.4000001,3.636363744735718,4.7272725,4.3333335,5,4.400000095367432,,4.625,,4.222222328186035,6,3.9000001,8.300000190734863,,8.909090995788574,,,,,7.300000190734863,,7.909090995788574,6.363636493682861,3.375,8.1000004,5.8000002,3.2857144,8,,7,,6.909090995788574,,6.4444447,1.4444444,,,7.3000002,5.6666665,,,,,,,,,4.400000095367432,,2.625,,5.599999904632568,,2.272727251052856,2.700000047683716,,,4.2727275,2.8181818,6.9000001,6.1999998,5.3636365,7.5999999,,,,,,2025.1
2006,25,0,1,2516,DP,88440,28.4,27.700001,2004,30.20000076293945,3,1,3.86,4.29,,,,5.8,,,,6.14,4.2999997,1,,4.599999904632568,3.25,4.5,2.75,3.799999952316284,4.400000095367432,,6.199999809265137,4.599999904632568,5.75,2.25,,,,3,1.75,4,1.25,,3,,,4.1999998,2,3.75,2.75,5.800000190734863,4.400000095367432,,,,,,4,2.5,,,3.5,1.4,,4.25,,5.83,,,,6.5,,,4.4,3.83,,,,,,,,,,,,,2025.1
2010,25,0,1,2516,DP,88440,9,7.0999999,2008,8.560000419616699,3,0,4.583333492279053,5.166666507720947,,,,5.166666507720947,,,,5.538461685180664,5.2777777,3.0999999,,5.5,5.800000190734863,5.916666507720947,4.666666507720947,5.230769157409668,4.333333492279053,,4.909090995788574,4.083333492279053,6,3.916666746139526,,,,4,2.400000095367432,4.111111164093018,2.299999952316284,,4.7777777,1.9,,,,4.272727489471436,4.083333492279053,3.833333253860474,3.272727251052856,6.2222223,1.3333334,,,,4.5454545,3.3,5,3.2,,,1.3846154,4.875,,5.900000095367432,,,,6.5,,,4.800000190734863,4,,,,,,,,,,,,,2025.1
2014,25,0,1,2516,DP,88440,19.8,20.6,2012,12.8,3,1,4.400000095367432,4.692307472229004,7.5714288,,,5.857142925262451,3.7857144,,,5.133333206176758,5.3333335,3.3333333,,4.92307710647583,,4.461538314819336,,4.214285850524902,,4.8333335,5.153846263885498,,5.916666507720947,,,,,4.363636493682861,,4.363636493682861,,,5.0999999,,,4.5833335,,4.199999809265137,,5.363636493682861,,6.5555553,,,,,4.818182,,5.1999998,,,,1.4285715,4.692307472229004,,5,,4.3333335,,6.307692527770996,,,4.692307472229004,3.875,,,,,4.6666665,3.6153846,,,,14,13,1,2025.1
2019,25,0,1,2516,DP,88440,4.88,2.4000001,2016,8.99,3,0,4.909090995788574,4.909090995788574,6.2727275,3.75,6.3333335,6.099999904632568,4.4000001,4.5,5,5.099999904632568,4.181818,3.3333333,6.5,5.636363506317139,,5,,5.099999904632568,5.099999904632568,5,6,,6.599999904632568,,,,,4.777777671813965,,6.44444465637207,4.5,3.8571429,6.4444447,4.5,3.7142856,6.1999998,,5.5,,5.699999809265137,,6.5555553,1.2222222,,,5.4000001,4.75,,,,,,,,,5.55555534362793,,3.75,,6,,2.777777671813965,3.666666746139526,,,2.7272727,1.7272727,5.1111112,4.6999998,3.6363637,9.181818,,,,,,2025.1
2010,25,0,1,2517,TPP,,15.1,11.3,2008,1.009999990463257,2,1,5.44444465637207,5.777777671813965,,,,4.5,,,,5.55555534362793,3.030303,3.4000001,,5.714285850524902,5.142857074737549,6.75,2.125,6,5,,4,4.285714149475098,3.875,4.5,,,,4.714285850524902,1.888888835906982,4.400000095367432,1.142857193946838,,4.5999999,1.1428572,,,,5,3.166666746139526,2.222222328186035,2.700000047683716,5.4285712,1.5555556,,,,4.75,2.5714285,3.5999999,1.75,,,1.4615384,4.333333492279053,,5.125,,,,6,,,4.857142925262451,4.5,,,,,,,,,,,,,2025.1
2010,25,0,1,2518,LRLS,88450,5.7,7.8000002,2008,7.170000076293945,3,1,7.230769157409668,7.923076629638672,,,,2.461538553237915,,,,6.384615421295166,6.3888893,4.4000001,,7.333333492279053,7.636363506317139,7.75,7.416666507720947,7.307692527770996,5.5,,2.25,5.416666507720947,2.666666746139526,5.666666507720947,,,,2.916666746139526,2.666666746139526,4.111111164093018,2.5,,3.3333333,2.5,,,,3.454545497894287,3.833333253860474,1.846153855323792,3.833333253860474,6.1111112,2.1111112,,,,4.8333335,3.6363637,4,3.2727273,,,1,5.222222328186035,,6.727272510528564,,,,6.083333492279053,,,5.699999809265137,4.666666507720947,,,,,,,,,,,,,2025.1
2014,25,0,1,2518,LRLS,88450,8.6,7.0999999,2012,16.6,3,0,7.333333492279053,8.615385055541992,8.0714283,,,2.428571462631226,6.2142859,,,6.533333301544189,7.5999999,1.1538461,,8.230769157409668,,8.076923370361328,,8.285714149475098,,8.416667,2.846153736114502,,2.5,,,,,2.400000095367432,,3.727272748947144,,,3.5999999,,,3.3333333,,3.181818246841431,,1.583333373069763,,6.9000001,,,,,4.6999998,,3.4545455,,,,1.0666667,5.384615421295166,,6.571428775787354,,5.0714288,,6,,,6.428571224212646,5.454545497894287,,,,,1.5,6.5384617,,,,13,5,8,2025.1
2019,25,0,1,2518,LRLS,88450,9.449999999999999,17.1,2016,6.59,3,0,6.818181991577148,8.272727012634277,8,2.4000001,2.1666667,1.909090876579285,6.909091,2.8333333,3.2,6.636363506317139,7.2727275,3.6666667,2.125,8.272727012634277,,7.545454502105713,,6.636363506317139,7.090909004211426,8.363636,2.272727251052856,,1.727272748947144,,,,,1.899999976158142,,3,4.363636493682861,3.125,4.0999999,4.090909,2.375,3.1818182,,3.363636255264282,,1.454545497894287,,6.181818,2.5,,,2.090909,4.4545455,,,,,,,,,6.545454502105713,,4,,5.300000190734863,,4.300000190734863,4.699999809265137,,,5.909091,.81818181,3.090909,2.1818182,5,6.2727275,,,,,,2025.1
2024,25,0,1,2518,LS,,7.7,12,2024,5.420000076293945,3,,6.5625,7.666666507720947,7.5625,3,1,2.70588231086731,6.5294118,2.7142856,3.2222223,6.789473533630371,7.3157897,2,.55555558,7,,8.199999809265137,,7.357142925262451,5.214285850524902,,3.166666746139526,,,,1.875,1.75,3.5,2.125,,4,4.375,2.5384614,4.3846154,4.0769229,,4,,3.666666746139526,,3.777777671813965,,3.8571429,5.1428571,3.6666667,4.8333335,3.3333333,2.6666667,,,,,,,,,5.5,,,,,,,5,,.80000001,,3.6666667,3,.75,5,,4.5,.2857143,,,,2025.1
2010,25,0,1,2519,FRONT,,3.24,,2008,2.359999895095825,5,0,1.153846263885498,1,,,,5.75,,,,2.700000047683716,3.8888891,3.5,,.9090909361839294,6.400000095367432,1.181818127632141,6.833333492279053,.3846153914928436,7.5,,6.125,6,6,4.666666507720947,,,,1.444444417953491,2.636363744735718,4.5,3.571428537368774,,4,5,,,,2.875,6.090909004211426,2.666666746139526,2.5,4.3333335,1.4285715,,,,3,3.2,7.5714288,1.6666666,,,3,3,,3,,,,4,,,3,3.200000047683716,,,,,,,,,,,,,2025.1
2014,25,0,1,2520,DK,88952,8,5,2012,,9,0,6.875,3.333333253860474,3.4615386,,,9,7.6428571,,,3.111111164093018,2.8666666,4.8888888,,4.599999904632568,,2.666666746139526,,3,,3.8,7.900000095367432,,9.300000190734863,,,,,7.625,,5.25,,,7.4000001,,,8.25,,7,,6.75,,6,,,,,4.5,,7.5,,,,2.5,3.142857074737549,,3.400000095367432,,2.75,,5.25,,,4,3,,,,,9.416667,8.5,,,,1,3,2,2025.1
2019,25,0,1,2521,LCP,,6.32,1.2,2016,5.13,9,0,5.333333492279053,3.777777671813965,4.8888888,3.3333333,8.3999996,8.625,7.2222223,2.5,.66666669,3.799999952316284,5.8888888,3,5.8333335,3.666666746139526,,3.5,,4,5.5,3.1428571,7.888888835906982,,7.699999809265137,,,,,6.888888835906982,,9,6.777777671813965,2.5,9.2857141,6.625,1.5714285,8.625,,6.666666507720947,,6.285714149475098,,5.7142859,1.1428572,,,7.25,6.2857141,,,,,,,,,3.625,,2.375,,4.857142925262451,,1.875,2.857142925262451,,,3.7777777,3.4000001,7.6666665,8.1999998,7.2222223,9,,,,,,2025.1
2019,25,0,1,2522,LZP,,2.03,1.2,2016,2.27,7,0,4,4.333333492279053,4.8000002,3.3333333,4,3.333333253860474,6,3.3333333,,6.125,5.5999999,3.5,3.75,3,,3.599999904632568,,4.333333492279053,4,3.8,3.599999904632568,,3.400000095367432,,,,,3.400000095367432,,5,3.799999952316284,5,4.75,4,3.8,4.75,,4.400000095367432,,4.199999809265137,,3.1428571,6.8571429,,,5.4000001,5.5,,,,,,,,,4.599999904632568,,4.5999999,,4.599999904632568,,4.199999809265137,5,,,3.6666667,.875,4.5,4.4285712,3.75,6,,,,,,2025.1
2019,25,0,1,2523,VKM-AMT,,,,2016,6.51,2,0,5.222222328186035,4.111111164093018,7.7777777,1.75,3.5999999,3.111111164093018,5.8888888,1.5,2,6.800000190734863,8.8888893,1.5,1.2857143,2.222222328186035,,3.888888835906982,,3.444444417953491,7.625,3,3.375,,2.375,,,,,4.625,,3.571428537368774,4.857142925262451,2.2857144,3.4285715,4.8571429,2.1428571,3.125,,3.285714387893677,,2.875,,3.7142856,4.4285712,,,4.25,6.1999998,,,,,,,,,6,,5.4285712,,5.571428775787354,,5.833333492279053,5.857142925262451,,,5.25,1,5.1666665,7.4444447,7.625,9.4444447,,,,,,2025.1
2024,25,0,1,2524,Laisvės,,4.62,0,2024,8.100000381469727,3,,6.266666889190674,8.05555534362793,7.25,2.8,1.0909091,.6470588445663452,9.4117651,1,.44444445,6.789473533630371,7.3684211,1.8333334,.33333334,7.333333492279053,,8.399999618530273,,8.071428298950195,4.857142925262451,,2,,,,.875,.375,1,1.125,,3.3125,4.666666507720947,2.0714285,3.2857144,4.0833335,,3.4000001,,2,,1.555555582046509,,2.1428571,6.7142859,2.5,5.6666665,2.5555556,2.6666667,,,,,,,,,6,,,,,,,5,,.80000001,,3,2.4444444,.75,5.1999998,,4,.42857143,,,,2025.1
2024,25,0,1,2525,PPNA,,14.97,20,2024,,9,,7.800000190734863,4.142857074737549,5.5333333,4,6.0999999,8.5,7.3125,1.5,1.625,4.294117450714111,4.1052632,2,5.3333335,4.571428775787354,,3.5,,3.636363744735718,5.692307472229004,,6.833333492279053,,,,7,7.4285712,9.333333,6,,8.199999809265137,6.07692289352417,1.75,7.8333335,4.181818,,7.5,,6.666666507720947,,8.111110687255859,,6.1999998,1.6666666,7,2.8333333,6.75,5.3333335,,,,,,,,,6,,,,,,,2.25,,5.25,,3.6666667,8.1111107,9,8.6000004,,7.6666665,3.75,,,,2025.1
2024,25,0,1,2526,DSVL,,9.220000000000001,14,2024,5.949999809265137,7,,4.588235378265381,4.666666507720947,7,4.5999999,4.181818,5.058823585510254,4.8823528,4,5.5,6.315789699554443,6.7058825,2.3333333,1.4444444,4.111111164093018,,4.75,,4.307692527770996,6.07692289352417,,5.166666507720947,,,,3.5,5.625,5.3333335,4.125,,5.666666507720947,3.8125,3.3,5.6153846,3.5833333,,5.25,,4.5,,5.222222328186035,,4.4000001,4.6666665,4.5,2.8333333,4.625,5.6666665,,,,,,,,,5.5,,,,,,,4.75,,1.6,,3.3333333,3.7777777,4.5,5.1999998,,5,1,,,,2025.1
2024,25,0,1,2527,NS,,2.87,1,2024,3.789999961853027,1,,8.6875,4.375,4.0625,3.5,5,9.411765098571777,9.1764708,1.1428572,.55555558,3.444444417953491,6.2105265,1.8333334,3.2222223,4.333333492279053,,3.5,,3.909090995788574,5,,7.666666507720947,,,,7.25,8.5,9.8000002,8.142857551574707,,9,9.1875,2,9.5,8.2307692,,9.1999998,,8,,6.125,,5.8000002,1.5,7.4000001,5.25,7.4285712,4.6666665,,,,,,,,,6,,,,,,,1.600000023841858,,1.75,,6,8,7.25,7.5999999,,8,3.3333333,,,,2025.1
2024,25,0,1,2528,PLT,,.77,1,2024,1.25,3,,6.071428775787354,5.785714149475098,5.75,3.5999999,5,6,5.5,2.5,6.5714288,5.1875,5.5384617,2.5,5,5.5,,5.5,,5.400000095367432,5.111111164093018,,4.599999904632568,,,,4.3333335,4.75,6,4.5,,6.454545497894287,4.55555534362793,3.8333333,5.75,4.1428571,,5.3333335,,4,,4.25,,5,6,4.5,4,4.1666665,4.6666665,,,,,,,,,6,,,,,,,3.5,,1.5,,5,5.1666665,6,4.75,,5,2.3333333,,,,2025.1
2002,26,0,0,2601,SLD,92210,38.1,43.5,2001,,5,1,4.13,4.25,,,,1.88,,,,6.88,9.166667,2.9222224,,,,,,,,,,,,,,,,,,,,,,,,,,,,,,,,,,,,,,,,,,5.4,,6.17,6,,5.67,7,6,5.33,4.14,,,,,,,,,,,,,,2025.1
2006,26,0,1,2601,SLD,92210,11.3,12,2005,9.300000190734863,5,0,3.43,4.67,,,,1.57,,,,6,8.7666674,1.33,,3.75,6.329999923706055,5.599999904632568,5.199999809265137,5.75,7,,2.140000104904175,8,2,6.599999904632568,,,,1.570000052452087,3.430000066757202,3.329999923706055,3.329999923706055,,,,,2.3299999,5.4000001,3,5.25,3.670000076293945,3.75,,,,,,4,4,,,5.6700001,4.4000001,,5.2,,5.6,,,,6.17,,,5.4,4.67,,,,,,,,,,,,,2025.1
2010,26,0,1,2601,SLD,92210,9.9,8,2007,12.34000015258789,5,0,2.785714387893677,3.466666698455811,,,,2.400000095367432,,,,6.599999904632568,8.4444447,2,,3,6.642857074737549,4.357142925262451,5.928571224212646,3.461538553237915,7.07692289352417,,3.285714387893677,7.285714149475098,2.142857074737549,7.428571224212646,,,,2,5.714285850524902,3.333333253860474,3.166666746139526,,3.6666667,3.0999999,,,,3.75,3.923076868057251,3.714285612106323,5.285714149475098,5.1666665,4.0833335,,,,4.4545455,4.5,4.2142859,5.5714288,,,1,5.727272510528564,,5.800000190734863,,,,6.538461685180664,,,6,4.888888835906982,,,,,,,,,,,,,2025.1
2014,26,0,1,2601,SLD,92210,8.199999999999999,5.9000001,2011,7.5,5,0,2.764705896377563,3.117647171020508,6.0588236,,,2.764705896377563,6.2941175,,,6.588235378265381,7.9411764,2,,3.058823585510254,,3.411764621734619,,2.882352828979492,,3.0588236,3.647058725357056,,2.8125,,,,,2.470588207244873,,3.333333253860474,,,2.5999999,,,3.0588236,,3.1875,,4.235294342041016,,4.7058825,,,,,3.9411764,,5.0588236,,,,1,6.1875,,6.176470756530762,,5.1875,,6.6875,,,6.352941036224365,4.75,,,,,2.8235295,4.2352943,,,,13,14,8,2025.1
2019,26,0,1,2601,SLD,92210,4.73,5.3000002,2019,,5,0,3.38095235824585,3.904761791229248,5.8000002,4.3000002,3,3.571428537368774,6.8499999,4.2142859,2.5,6.571428775787354,7.9523811,2.2,1.2,3.105263233184814,,4,,3.349999904632568,6.550000190734863,3.3333333,3,,2.421052694320679,,,,,1.700000047683716,,3.777777671813965,4.5789475440979,4,4.6666665,3.8666666,3.6428571,2.9000001,,2.894736766815186,,3.299999952316284,,4.4736843,5.4444447,,,5,3.4705882,,,,,,,,,5.888888835906982,,5.0588236,,6.625,,5.222222328186035,5.5,,,4.6111112,1.9444444,4.2777777,2.1578948,5.7894735,6.1999998,,,,,,2025.1
2024,26,0,1,2601,Nowa Lewica,,5.55,19,2023,5,5,,2.407407522201538,2.321428537368774,6.7857141,2.5999999,2.9166667,1.75,8.3571424,1.9444444,1.1,6.896551609039307,8.333333,1.2142857,1.5384616,1.923076868057251,,3.384615421295166,,2.370370388031006,7.259259223937988,,2.066666603088379,,,,.80000001,.60000002,1.6666666,1.200000047683716,,3.148148059844971,6.074074268341064,2.2962964,3.0833333,5.6086955,,1.5625,,1.600000023841858,,3.099999904632568,,1.8571428,7,2.3076923,7.6153846,4.4166665,3,,,,,,,,,5.888888835906982,,,,,,,5.777777671813965,,3.2857144,,1,5,2.9000001,6.5999999,,2.7142856,1.2631578,,,,2025.1
2002,26,0,0,2602,UP,92322,2.9,3.5,2001,,5,1,3,2.25,,,,1.38,,,,6.38,6.6666665,2.7777777,,,,,,,,,,,,,,,,,,,,,,,,,,,,,,,,,,,,,,,,,,5,,5,5.5,,5.33,6.8,6,5.33,4.57,,,,,,,,,,,,,,2025.1
2002,26,0,0,2603,PO,92435,12.7,14.1,2001,,4,0,6.88,8.380000000000001,,,,4.38,,,,6.75,7.9333339,1.3888888,,,,,,,,,,,,,,,,,,,,,,,,,,,,,,,,,,,,,,,,,,5.6,,6.17,5.5,,4.83,6.4,6,5,4.57,,,,,,,,,,,,,,2025.1
2006,26,0,1,2603,PO,92435,24.1,28.9,2005,24,4,0,5.29,8.17,,,,2.71,,,,6.63,9.166667,1.17,,7.400000095367432,8.5,8.199999809265137,8,7.400000095367432,7.670000076293945,,2.569999933242798,6.710000038146973,3.140000104904175,5,,,,4.139999866485596,3.569999933242798,3.670000076293945,3,,,,,3.1700001,5.1999998,2.829999923706055,4.5,2.329999923706055,2.670000076293945,,,,,,3.4000001,4.5,,,6,4.5999999,,5,,6.67,,,,6.67,,,5.4,4.33,,,,,,,,,,,,,2025.1
2010,26,0,1,2603,PO,92435,41.51,45.400002,2007,44.43000030517578,4,1,6,6.666666507720947,,,,5,,,,6.599999904632568,9.1111107,2.0714285,,5.230769157409668,6.642857074737549,6.642857074737549,6.357142925262451,6,6.333333492279053,,4.857142925262451,6.5,4.785714149475098,5.428571224212646,,,,5.92307710647583,5.928571224212646,4.44444465637207,2.666666746139526,,5.125,2.2,,,,4.916666507720947,3.230769157409668,2.428571462631226,4.857142925262451,6.6666665,3.1538463,,,,4.4166665,4.5,2.4285715,6.2142859,,,1,5.833333492279053,,6.533333301544189,,,,6.538461685180664,,,5.599999904632568,4.400000095367432,,,,,,,,,,,,,2025.1
2014,26,0,1,2603,PO,92435,39.2,45,2011,32.1,4,1,5.705882549285889,6.294117450714111,7.8823528,,,4.588235378265381,5.4117646,,,6.529411792755127,8.4117651,2.5625,,5.823529243469238,,6.529411792755127,,5.823529243469238,,5.7058825,4.529411792755127,,4.5625,,,,,5.235294342041016,,4,,,4.0999999,,,3.8235295,,4,,2.882352828979492,,6.1176472,,,,,4.1764708,,3.7647059,,,,1,5.941176414489746,,6.588235378265381,,5.2352943,,6.875,,,6.529411792755127,5,,,,,1.4117647,4.4705882,,,,8,13,10,2025.1
2019,26,0,1,2603,PO,92435,19.43,29.700001,2019,38.47,4,0,5.38095235824585,6.571428775787354,6.0999999,4.0999999,5.3000002,4.666666507720947,6.3809524,6.4285712,4.7142859,6.666666507720947,8.7619047,2.2,1.2,5.263157844543457,,6.058823585510254,,5.900000095367432,5.684210300445557,5.7142859,3.400000095367432,,4.199999809265137,,,,,4.428571224212646,,4.631578922271729,4.789473533630371,4.8499999,5.7222223,4.0625,4.1875,4.0999999,,3.894736766815186,,2.238095283508301,,5.0526314,4.9444447,,,3.5789473,2.8235295,,,,,,,,,6.5,,5.1176472,,6.5,,4.5789475440979,5.352941036224365,,,6.1666665,2.0555556,4.3333335,2.1052632,6.3157897,6.6999998,,,,,,2025.1
2024,26,0,1,2603,PO,92435,30.7,157,2023,37.09999847412109,4,,4.928571224212646,6.17241382598877,7,3.125,5,3.655172348022461,6.7586207,5.0555553,4.818182,6.633333206176758,8.6999998,1.2666667,2.5714285,5.461538314819336,,6.714285850524902,,5.392857074737549,5.107142925262451,,3.125,,,,2.5833333,3.2,3.4615386,3.700000047683716,,7,7.464285850524902,5.0370369,5.9583335,5.0799999,,3.5625,,3.200000047683716,,2.090909004211426,,3.5714285,4.5714288,3.6428571,5.8461537,3.0769231,3.5714285,,,,,,,,,6.400000095367432,,,,,,,4.800000190734863,,2.1428571,,2.6666667,3,2.55,6.8000002,,3.8571429,1.55,,,,2025.1
2002,26,0,0,2604,S,92622,10.2,11.5,2001,,11,0,5.5,2.63,,,,7.88,,,,2.75,5.8333335,2.0666666,,,,,,,,,,,,,,,,,,,,,,,,,,,,,,,,,,,,,,,,,,2,,1.8,3.25,,5.4,6,4,4.33,2,,,,,,,,,,,,,,2025.1
2006,26,0,1,2604,S,92622,11.4,12.2,2005,10.80000019073486,11,1,4.14,1.17,,,,7.71,,,,2.29,4.6000004,1.83,,1.75,3.5,1.399999976158142,3.599999904632568,1.399999976158142,8.5,,1.975000023841858,3.670000076293945,8.329999923706055,3.599999904632568,,,,5.670000076293945,4,,2.670000076293945,,7.6700001,,,7.8299999,6,5.75,3.5,8.329999923706055,9,,,,,,5.75,3.75,,,4.8299999,5,,2.5,,1.83,,,,4.33,,,2.8,3,,,,,,,,,,,,,2025.1
2010,26,0,1,2604,S,92622,1.53,0,2007,1.460000038146973,11,0,4.636363506317139,2.666666746139526,,,,7.75,,,,3.272727251052856,6.3636365,3.3,,1.899999976158142,5,2.818181753158569,5.363636493682861,1.909090876579285,7.545454502105713,,7,5.818181991577148,7.909090995788574,4.454545497894287,,,,6.583333492279053,5.090909004211426,7.125,3.599999904632568,,8,2.4444444,,,,6.400000095367432,3.799999952316284,8.769230842590332,9.076923370361328,7,3.4166667,,,,5.5555553,4.0999999,6.5555553,4.7777777,,,2.8,3.666666746139526,,3,,,,5.428571224212646,,,2.888888835906982,2.799999952316284,,,,,,,,,,,,,2025.1
2002,26,0,0,2605,PiS,92436,9.5,9.6000004,2001,,1,0,7.75,4.63,,,,7.75,,,,4.75,5.4333339,3.6111112,,,,,,,,,,,,,,,,,,,,,,,,,,,,,,,,,,,,,,,,,,2.8,,2.67,3.75,,5.5,6,5.67,4,3.14,,,,,,,,,,,,,,2025.1
2006,26,0,1,2605,PiS,92436,27,33.700001,2005,12.69999980926514,1,1,7.76,2,,,,9.57,,,,3.5,6.2666669,2.5999999,,2.599999904632568,6.25,2.599999904632568,3.799999952316284,1.799999952316284,6.5,,9.430000305175781,7.710000038146973,9.710000038146973,8.5,,,,9.430000305175781,9.430000305175781,5.670000076293945,2.329999923706055,,7.6700001,,,9.1700001,9.5,7,4.75,6.670000076293945,5.829999923706055,,,,,,8,4.25,,,8.29,6.4000001,,2.8,,3.33,,,,5,,,2,2.33,,,,,,,,,,,,,2025.1
2010,26,0,1,2605,PiS,92436,32.11,36.099998,2007,27.39999961853027,1,0,8,3.066666603088379,,,,8.866666793823242,,,,2.933333396911621,7.3333335,2.8461537,,3.461538553237915,5.571428775787354,3.5,4.461538314819336,3.153846263885498,6.692307472229004,,8.357142448425293,7.428571224212646,9.428571701049805,8.142857551574707,,,,8.923076629638672,9.214285850524902,6.333333492279053,3,,8.5555553,3.5,,,,7.166666507720947,3.615384578704834,6.357142925262451,6.928571224212646,7.3333335,3.1538463,,,,6.5454545,4.4166665,4.4285712,5.7142859,,,2.0666666,4.083333492279053,,4.266666889190674,,,,6.07692289352417,,,3.333333253860474,2.900000095367432,,,,,,,,,,,,,2025.1
2014,26,0,1,2605,PiS,92436,29.9,34.099998,2011,31.8,1,0,7.941176414489746,3.058823585510254,5.7647057,,,8.470588684082031,8.3529415,,,3.823529481887817,5.647059,3.25,,3.3125,,3.647058725357056,,2.647058725357056,,2.9411764,8.470588684082031,,8.3125,,,,,8.529411315917969,,6.199999809265137,,,8,,,8.1764708,,7.0625,,6.823529243469238,,7.2941175,,,,,7.4705882,,3.5882354,,,,1.5882353,3.6875,,4.764705657958984,,2.3529413,,6.375,,,4.117647171020508,3.400000095367432,,,,,7.4705882,8.7647057,,,,22,3,10,2025.1
2019,26,0,1,2605,PiS,92436,35.29,52.099998,2019,45.38,1,1,7.550000190734863,2.952380895614624,7.0952382,3.3,6.4000001,9.142857551574707,8.666667,2.3571429,1.1428572,2.952380895614624,6.1428571,3,6.6999998,3.666666746139526,,3,,1.75,8.350000381469727,1.5238096,9.100000381469727,,8.699999809265137,,,,,9.238095283508301,,9.050000190734863,7.666666507720947,1.6190476,8.9444447,6.3125,1.625,9.1000004,,8,,7.38095235824585,,8.6842108,3.7777777,,,8,9.1764708,,,,,,,,,4.842105388641357,,2.1111112,,6,,1.190476179122925,1.75,,,5.7894735,6.8421054,4.5,9.25,5.4736843,9.8000002,,,,,,2025.1
2024,26,0,1,2605,PiS,92436,35.4,194,2023,36.20000076293945,1,,7.642857074737549,2.517241477966309,6.7931032,2.25,4.5384617,8.448275566101074,7.965517,1.6111112,1.7272727,3.099999904632568,7.0333333,3.2,5.1428571,3.692307710647583,,3.714285612106323,,2.607142925262451,7.821428775787354,,8.3125,,,,7.8333335,9.1999998,9.25,8.300000190734863,,8.75,9.035714149475098,1.1851852,9.1599998,6.7199998,,9.0625,,8.125,,7.090909004211426,,7.7142859,4.5714288,8,5.1538463,7.3076925,7.9285712,,,,,,,,,4.400000095367432,,,,,,,1.399999976158142,,2.1428571,,7.0999999,4.5714288,7.9000001,5.1999998,,8.5714283,8.0500002,,,,2025.1
2002,26,0,0,2606,PSL,92811,9,9.1000004,2001,,11,0,4.38,2.5,,,,7.63,,,,4.13,7.5,4.0333333,,,,,,,,,,,,,,,,,,,,,,,,,,,,,,,,,,,,,,,,,,3.4,,2.5,4,,6.67,6.8,4.75,3,3.29,,,,,,,,,,,,,,2025.1
2006,26,0,1,2606,PSL,92811,7,5.4000001,2005,6.300000190734863,11,0,5,3.5,,,,5.14,,,,4.75,6.2666669,2,,3.400000095367432,5,4,4.599999904632568,3.799999952316284,5.5,,4.860000133514404,5.5,4.829999923706055,3.799999952316284,,,,5,4.170000076293945,,3,,,,,6.5,5,5,4.25,9.199999809265137,9.829999923706055,,,,,,4,5.25,,,4.8299999,3.8,,4,,4.5,,,,5.67,,,4.4,4,,,,,,,,,,,,,2025.1
2010,26,0,1,2606,PSL,92811,8.9,6.6999998,2007,7.010000228881836,11,1,4.928571224212646,4.066666603088379,,,,6.866666793823242,,,,5.133333206176758,6.8888888,3.0769231,,3.153846263885498,5.785714149475098,3.285714387893677,5.857142925262451,3.076923131942749,6.692307472229004,,6.071428775787354,4.714285850524902,7,4.571428775787354,,,,7,6.071428775787354,5.222222328186035,3,,6.25,2.5999999,,,,5.636363506317139,3.333333253860474,9.357142448425293,9.428571701049805,6.4166665,3.9230769,,,,5.3333335,4.9166665,5.75,4.3076925,,,1.3333334,5.272727489471436,,4.333333492279053,,,,6.153846263885498,,,4.692307472229004,3.875,,,,,,,,,,,,,2025.1
2014,26,0,1,2606,PSL,92811,8.4,6.0999999,2011,6.8,11,1,5.294117450714111,3.470588207244873,6.8235292,,,6.941176414489746,5.5294118,,,5.470588207244873,6.1764708,3.875,,3.764705896377563,,3.411764621734619,,3.529411792755127,,3.3529413,5.882352828979492,,6.8125,,,,,6.529411792755127,,6.375,,,6.5,,,6.4117646,,5.5625,,9.529411315917969,,5.9411764,,,,,4.125,,5.4000001,,,,1.0588236,4.599999904632568,,5.125,,4.125,,6.6875,,,5.25,4.111111164093018,,,,,2.4117646,3.6470587,,,,18,14,17,2025.1
2019,26,0,1,2606,PSL,92811,5.26,4.4000001,2019,,11,0,5.285714149475098,4.333333492279053,6.5999999,4,4.9000001,7.099999904632568,5.3499999,4,3.3333333,5.142857074737549,6.0476189,3.5999999,4.5,4.052631378173828,,3.5625,,3.450000047683716,6.550000190734863,3.6666667,5.5789475440979,,6.631578922271729,,,,,6.789473533630371,,6,4.722222328186035,3.6666667,7.352941,3,3.2857144,6.8000002,,5.789473533630371,,9.190476417541504,,6.2105265,3.8421052,,,7.8947368,4.2941175,,,,,,,,,5.111111164093018,,3.625,,6.5625,,3.111111164093018,3.941176414489746,,,4.7333331,3.4117646,4.625,3.8333333,4.6666665,6.1500001,,,,,,2025.1
2024,26,0,1,2606,PSL,92811,14.4,32,2023,3.119999885559082,11,,6.535714149475098,4.17241382598877,6.5172415,3.5999999,4.7692308,6.965517044067383,5.8571429,3.2222223,4.4000001,5.379310131072998,6.1666665,3.5999999,4,5.166666507720947,,3.692307710647583,,3.851851940155029,6.074074268341064,,5.599999904632568,,,,6.2727275,7.3333335,8.083333,6.900000095367432,,7.296296119689941,6.07692289352417,2.9615386,7.6086955,4.2272725,,6.75,,6.071428775787354,,8.363636016845703,,5.5,4.9285712,6.2307692,5.4615383,7.0833335,4.1428571,,,,,,,,,5.111111164093018,,,,,,,3.099999904632568,,2.7142856,,3.4444444,5.5,3.3499999,5.0999999,,4.2857141,2.6315789,,,,2025.1
2002,26,0,0,2607,LPR,92713,7.9,8.3000002,2001,,10,0,9.25,2,,,,9.75,,,,1,8.1000004,1.5333334,,,,,,,,,,,,,,,,,,,,,,,,,,,,,,,,,,,,,,,,,,1,,1.5,1.33,,4.25,4,2,2,1.2,,,,,,,,,,,,,,2025.1
2006,26,0,1,2607,LPR,92713,8,7.4000001,2005,15.89999961853027,10,1,9.289999999999999,1.17,,,,10,,,,1.38,7.1000004,.67000002,,1.600000023841858,3.75,1.600000023841858,3.400000095367432,1,8,,9.289999961853027,7,10,10,,,,10,10,7,5.329999923706055,,8.3299999,,,10,10,9,6.5,6.329999923706055,5,,,,,,6.25,4.25,,,5,5.1999998,,1.6,,1.5,,,,4,,,1.4,1.67,,,,,,,,,,,,,2025.1
2010,26,0,1,2607,LPR,92713,1.3,0,2007,,10,0,9.25,3.5,,,,9.538461685180664,,,,1.666666626930237,6.6666665,1.6666666,,3.090909004211426,4.083333492279053,3.083333253860474,3.333333253860474,3.5,4.583333492279053,,8.833333015441895,6.909090995788574,9.583333015441895,8.416666984558105,,,,9.769230842590332,9.615385055541992,7.888888835906982,5,,9.333333,5.3000002,,,,8.090909004211426,6.416666507720947,5.538461685180664,5.083333492279053,6.9000001,3.1666667,,,,7,3.8181818,7,5.7777777,,,2.9200001,2.428571462631226,,2.5,,,,4.25,,,1.600000023841858,1.333333373069763,,,,,,,,,,,,,2025.1
2002,26,0,0,2608,AWSP,92620,5.6,0,2001,,2,0,7.75,4.38,,,,7.5,,,,5.38,5.4333339,3.7555556,,,,,,,,,,,,,,,,,,,,,,,,,,,,,,,,,,,,,,,,,,3.25,,3.5,4.67,,4.75,6.33,6.5,2,3.2,,,,,,,,,,,,,,2025.1
2002,26,0,0,2609,UW,92434,3.1,0,2001,,3,0,5.75,7.5,,,,2.38,,,,7,9.166667,.83333331,,,,,,,,,,,,,,,,,,,,,,,,,,,,,,,,,,,,,,,,,,6.6,,6.67,5.75,,4.67,6.6,6.2,6,4.57,,,,,,,,,,,,,,2025.1
2006,26,0,1,2609,PD,92434,2.5,0,2005,,3,0,4.5,7.4,,,,1.17,,,,6.83,10,0,,6,7,6.800000190734863,6.400000095367432,7.5,5.75,,1,7.670000076293945,1,8.199999809265137,,,,2.670000076293945,3.329999923706055,3,3,,,,,1.4,6.8000002,2.5,6,2,2.599999904632568,,,,,,3,5,,,5.6700001,4.8000002,,5.6,,6.67,,,,6.67,,,6,5,,,,,,,,,,,,,2025.1
2006,26,0,1,2611,SDPL,,3.9,0,2005,5.300000190734863,5,0,3,4.67,,,,1.43,,,,6.14,8.5666666,1.5,,3.599999904632568,6.329999923706055,4.599999904632568,5.25,5.199999809265137,7.25,,2.140000104904175,7.829999923706055,1.830000042915344,6.800000190734863,,,,1.289999961853027,3.670000076293945,3,3,,,,,2.3299999,5.5999999,3,5.25,3.329999923706055,3.599999904632568,,,,,,3.6700001,4,,,5.3299999,4.4000001,,5.2,,5.67,,,,6.33,,,5.4,4.67,,,,,,,,,,,,,2025.1
2010,26,0,1,2611,SDPL,,2.5,2.2,2007,,5,0,2.666666746139526,3.416666507720947,,,,2.25,,,,6.714285850524902,8.2051287,2,,2.727272748947144,6.090909004211426,4.416666507720947,5.333333492279053,3.333333253860474,6.5,,2.818181753158569,6.909090995788574,2.083333253860474,7.416666507720947,,,,1.692307710647583,6.230769157409668,3.125,3.299999952316284,,3,3.3333333,,,,3.400000095367432,4.636363506317139,3.083333253860474,5.181818008422852,4.8000002,4.3636365,,,,3.7,4.6999998,4.2727275,5.3636365,,,1.6,6.142857074737549,,6.090909004211426,,,,6.625,,,6.199999809265137,5.333333492279053,,,,,,,,,,,,,2025.1
2010,26,0,1,2612,SD,92211,.74,,2007,,3,0,4.666666507720947,6.25,,,,3.666666507720947,,,,6.666666507720947,6.6666665,3.1111112,,5.857142925262451,6.428571224212646,6.285714149475098,5.571428775787354,6.428571224212646,5.571428775787354,,3.285714387893677,7.142857074737549,2.857142925262451,6.142857074737549,,,,2.625,4.375,3.400000095367432,2.285714387893677,,3,1.8333334,,,,4.428571224212646,3.75,2.222222328186035,5.625,5.5714288,3.875,,,,3.1666667,4.4285712,5,5.3333335,,,2.4666667,6.199999809265137,,6.714285850524902,,,,6.599999904632568,,,6.599999904632568,4.75,,,,,,,,,,,,,2025.1
2014,26,0,1,2613,RP,92440,10,8.6999998,2011,3.6,3,0,2.529411792755127,4.1875,4.4705882,,,1.176470637321472,8.9411764,,,6.705882549285889,8.1764708,2.375,,4.214285850524902,,6,,4.133333206176758,,4,1.470588207244873,,.4375,,,,,.7058823704719543,,2.166666746139526,,,1.2727273,,,1.3529412,,2.0625,,1.764705896377563,,3.625,,,,,2.4615386,,6.2666669,,,,1.1176471,6.133333206176758,,6.5625,,5.375,,6.866666793823242,,,6.625,5.099999904632568,,,,,5.4117646,5.5999999,,,,16,2,1,2025.1
2014,26,0,1,2614,KNP,,1.1,0,2011,7.2,2,0,9.529411315917969,9.588234901428223,7.647059,,,8.823529243469238,8.2352943,,,1.058823585510254,8,1.25,,9.529411315917969,,9.647058486938477,,9.588234901428223,,9.6470585,8.058823585510254,,9.125,,,,,6,,8.399999618530273,,,10,,,8.5882349,,8.571428298950195,,3.307692289352417,,8.1333332,,,,,5.181818,,8.181818,,,,3,1.411764740943909,,3.5625,,1.0625,,2.285714387893677,,,1.235294103622437,1.916666626930237,,,,,9.4705887,8.3999996,,,,1,13,5,2025.1
2014,26,0,1,2615,PR,,.2,0,2011,3.2,2,0,7.647058963775635,6.666666507720947,6.5882354,,,7.6875,7.5,,,4,6.2352943,3.0714285,,6.375,,7.3125,,6.400000095367432,,7.2666669,6.307692527770996,,7.199999809265137,,,,,7.823529243469238,,5.625,,,6.75,,,7.1875,,6.153846263885498,,4.9375,,6.9333334,,,,,5.5,,5.0999999,,,,1.625,3.384615421295166,,5,,2.6923077,,5.692307472229004,,,4.5,3.625,,,,,6.3333335,7.4705882,,,,5,13,15,2025.1
2014,26,0,1,2616,SP,,,,2011,4,2,0,8.29411792755127,3.375,4.8235292,,,8.647058486938477,8,,,3,5.2352943,2.75,,3.466666698455811,,3.375,,3.25,,3.2666667,8.5625,,8.4375,,,,,8.823529243469238,,7.44444465637207,,,9,,,8.625,,7.666666507720947,,6.625,,7.3076925,,,,,7.2307692,,5.1111112,,,,2.0666666,3.214285612106323,,4.071428775787354,,2.0714285,,5.538461685180664,,,3.384615421295166,3.111111164093018,,,,,7.75,8.7058821,,,,3,1,12,2025.1
2019,26,0,1,2617,Kukiz,,2.98,1.3,2019,3.69,9,0,7.111111164093018,6.75,5.1764708,4.1428571,4.1428571,7.611111164093018,6.3333335,3.5833333,2.8333333,3.111111164093018,5.2222223,3,5.2222223,6,,6.307692527770996,,5.375,5.133333206176758,5.3125,7.722222328186035,,7.611111164093018,,,,,6.5625,,7.777777671813965,6.166666507720947,2.9375,8.2352943,4.5999999,2.3076923,7.8947368,,7.388888835906982,,5.125,,7.125,2.875,,,7,4.2666669,,,,,,,,,5,,2.2941177,,5.285714149475098,,1.894736886024475,2.1875,,,5.3571429,5.8823528,9.2352943,8.2222223,7.875,7.0588236,,,,,,2025.1
2019,26,0,1,2618,Nowo,,1.71,1.8,2019,,3,0,5.157894611358643,7.666666507720947,7.1111112,2.2222223,4.375,2.611111164093018,6.3684211,2.5,2.6666667,6.947368621826172,8.6111107,1.125,.55555558,6.5,,6.75,,6.722222328186035,6.176470756530762,6.7894735,2.473684310913086,,2.684210538864136,,,,,2.333333253860474,,3.277777671813965,4.8125,2.9411764,4.2941175,3.6666667,3.7857144,2.6842105,,2.736842155456543,,1.421052575111389,,4.7222223,5.0588236,,,2.3888888,2.375,,,,,,,,,6.5,,5.75,,6.333333492279053,,5.277777671813965,5.9375,,,5.8666668,1.9444444,4.1999998,2.5882354,5,5.8125,,,,,,2025.1
2019,26,0,1,2619,Konfederacia,92070,1.16,1.1,2019,4.55,1,0,9.526315689086914,9.058823585510254,6.0526314,4.3000002,1.7142857,9.526315689086914,9.2631578,2.3846154,.33333334,1.368421077728271,7.3684211,2.2222223,1.3333334,8.833333015441895,,8.9375,,8.058823585510254,6.529411792755127,8.6111107,8.611110687255859,,9.684210777282715,,,,,8.888889312744141,,9.736842155456543,8.789473533630371,.77777779,9.0588236,8,.8125,9.7894735,,9.5,,5.266666889190674,,8.8235292,3.5263157,,,6,7,,,,,,,,,3.857142925262451,,1.2777778,,3.090909004211426,,1.052631616592407,1.055555582046509,,,5.25,8.5555553,7.1538463,9.1111107,6.9333334,6.6666665,,,,,,2025.1
2024,26,0,1,2619,Konfederacja,92070,7.2,18,2023,12.10000038146973,1,,9.392857551574707,8.964285850524902,8.5357141,2.0666666,2.2307692,8.413793563842773,8.1428576,2,2.5,1.517241358757019,6.965517,1.5333333,3.1538463,9.384614944458008,,8.461538314819336,,8.666666984558105,7.703703880310059,,7.875,,,,8.909091,9.5714283,9.916667,7.699999809265137,,9.814814567565918,9.296296119689941,.51851851,9.695652,7.1999998,,9.8125,,9.666666984558105,,4.599999904632568,,8.8571424,5,9.1538458,6.9166665,4.818182,7.7777777,,,,,,,,,4.625,,,,,,,1.299999952316284,,5.5714288,,9,8,8.1999998,7.3333335,,8.5714283,4.9375,,,,2025.1
2019,26,0,1,2620,Lewica Razem,,2.76,,2019,1.24,6,0,1.277777791023254,1.29411768913269,7.7777777,1.5,1.7142857,1.222222208976746,8.166667,1.8333334,.5,6.55555534362793,7.1875,2,2.3333333,1.388888835906982,,2.333333253860474,,1.470588207244873,8.25,1.2777778,1.444444417953491,,.7222222089767456,,,,,.6666666865348816,,1.75,6.4375,1.625,1.8,6.2666669,2,1.1111112,,1,,2.777777671813965,,1.5882353,7.9444447,,,5.4285712,3.0666666,,,,,,,,,5.071428775787354,,5,,6.571428775787354,,6.058823585510254,5.846153736114502,,,4.7857141,1.8823529,5.875,5.125,6.4705882,3.7647059,,,,,,2025.1
2024,26,0,1,2620,Razem,,2.1,7,2023,1.299999952316284,6,,1.038461565971375,.8518518805503845,7.9259257,1.2857143,1.2307693,1,8.7037039,1.1666666,1.4444444,6.44444465637207,7.4444447,1.6923077,2,.5,,2.076923131942749,,.9599999785423279,8.923076629638672,,1.066666722297668,,,,.60000002,.86666667,.083333336,.5555555820465088,,1.807692289352417,6.730769157409668,1.6538461,1.875,5.869565,,.875,,1.066666722297668,,2.25,,1.4285715,7.5714288,1,8.5,5,2.9166667,,,,,,,,,4.857142925262451,,,,,,,5.25,,4,,.875,5.4000001,6.25,6.7777777,,1.2857143,1.1111112,,,,2025.1
2019,26,0,1,2621,Wiosnia,,2.62,4.1999998,2019,6.06,5,0,1.894736886024475,3.5,5.3333335,4.125,4.375,.8421052694320679,8.7894735,1.3846154,.33333334,6.888888835906982,8,1.125,1.1111112,2,,3.866666555404663,,2.666666746139526,6.529411792755127,2.6666667,1.210526347160339,,.2631579041481018,,,,,.6315789222717285,,2.111111164093018,6.529411792755127,2.0588236,1.7777778,5.375,1.8,.78947371,,1.105263113975525,,1.578947424888611,,1.7368422,7.7894735,,,4.0666666,2.875,,,,,,,,,5.705882549285889,,5.6666665,,6.466666698455811,,5.777777671813965,6.199999809265137,,,5.1333332,1.8333334,5.4375,3.9411764,5.2777777,5.6111112,,,,,,2025.1
2024,26,0,1,2623,Polska 2050,,7.2,33,2023,2.599999904632568,3,,5.592592716217041,6.321428775787354,6.5357141,3.9333334,6.0769229,4.892857074737549,5.5,5.1666665,5.5,6.310344696044922,7.2758622,2.5,3.0769231,5.92307710647583,,6.153846263885498,,5.269230842590332,4.846153736114502,,3.733333349227905,,,,3.6363637,4.3333335,5.25,5.5,,5.666666507720947,5.814815044403076,4.1538463,5.7727275,4.2857141,,4.0625,,4.142857074737549,,3.400000095367432,,3.6428571,5.1538463,3.0769231,6.75,4.6666665,3.4166667,,,,,,,,,6.111111164093018,,,,,,,5,,2.8571429,,2,5.1999998,2.9000001,6.8000002,,3.7142856,1.4736842,,,,2025.1
2002,27,0,0,2701,PSD,93223,36.6,44.900002,2000,,5,1,3,2.45,,,,6.27,,,,6.18,9.3999996,5.1444445,,,,,,,,,,,,,,,,,,,,,,,,,,,,,,,,,,,,,,,,,,4.86,,4.5,4.75,,6.57,6,4.25,5.33,4.11,,,,,,,,,,,,,,2025.1
2006,27,0,0,2701,PSD,93223,31.5,34,2004,,5,0,3,2.8,,,,6.5,,,,6.2,8.666666,2.9000001,,3.880000114440918,5.75,3.75,6.130000114440918,2.630000114440918,6.5,,5.25,5.25,6,4.880000114440918,,,,4.630000114440918,4.25,5,4.130000114440918,,5.29,,,5.75,5.3800001,5.880000114440918,5.5,6,5.880000114440918,,,,,,6.71,5.4299998,,,5.6300001,5.5,,5.11,,5.56,,,,5.89,,,5.44,4.5,,,,,,,,,,,,,2025.1
2010,27,0,1,2701,PSD,93223,31.77,32.900002,2008,28.2450008392334,5,1,3,2.952380895614624,,,,5.523809432983398,,,,6.136363506317139,6.6666665,2.5,,3.222222328186035,6.157894611358643,3.238095283508301,4.75,2.761904716491699,6.599999904632568,,5.285714149475098,4.38095235824585,5.949999809265137,3.21052622795105,,,,5.150000095367432,3.476190567016602,4.230769157409668,2.25,,4.9230771,2.5625,,,,5.476190567016602,4.476190567016602,6.052631378173828,4.842105388641357,5.9473686,2.7,,,,5.6190476,4.2380953,4.7142859,3.7142856,,,1.1363636,4.882352828979492,,5.44444465637207,,,,6.210526466369629,,,5.631578922271729,4.384615421295166,,,,,,,,,,,,,2025.1
2014,27,0,1,2701,PSD,93223,32.2,36.400002,2012,28.2,5,1,4.117647171020508,3.588235378265381,7.647059,,,7.352941036224365,4.7647057,,,5.823529243469238,5.1764708,3.0588236,,3.666666746139526,,4.066666603088379,,4.400000095367432,,3.5999999,6.133333206176758,,6.800000190734863,,,,,7.125,,4.714285850524902,,,6.3333335,,,7.5,,5.5625,,7,,7.3076925,,,,,4.7333331,,3.2,,,,1.1764706,5.285714149475098,,5.866666793823242,,4.3333335,,6.705882549285889,,,5.800000190734863,5.833333492279053,,,,,2.5384614,4.4375,,,,14,13,17,2025.1
2019,27,0,1,2701,PSD,93223,45.48,49.400002,2016,22.5,5,.5,3.666666746139526,3.375,7.4375,3.25,5.75,8.25,6.125,2.8888888,3.7142856,4,5.1875,4.2857141,6.5,3.9375,,3.125,,2.875,7.875,3.0625,5.5625,,7.4375,,,,,6.5,,5.800000190734863,3.25,2.4000001,6.2727275,2.5,1.8333334,8.125,,5.625,,6.5625,,5.9375,1.875,,,6.8666668,6.5999999,,,,,,,,,5.125,,3,,5.933333396911621,,2.599999904632568,3.5,,,1.6428572,1.6875,3.3571429,3.125,3.0625,8.625,,,,,,2025.1
2024,27,0,1,2701,PSD,93223,21.96,86,2024,28.10000038146973,5,,4.181818008422852,4.045454502105713,7.681818,2.2142856,5.8333335,6.636363506317139,5,2.9166667,5.625,6.217391490936279,6.9565215,2.6875,3.7142856,3.666666746139526,,3.700000047683716,,2.772727251052856,7.550000190734863,,5,,,,4.1538463,6.3636365,6.2727275,7.909090995788574,,5.095238208770752,2.952380895614624,1.8947369,5.7894735,3,,6.5555553,,4.900000095367432,,5.363636493682861,,4.1999998,3.4000001,4.6363635,3,5.9000001,5.1111112,,,,,,,,,5.55555534362793,,,,,,,4.428571224212646,,2.8,,.125,2.3,1.4166666,1.5714285,,6,5.2727275,,,,2025.1
2002,27,0,0,2702,PUR,,1.7,0,2000,,3,0,5,5,,,,5.14,,,,6,8.7666674,3.6555555,,,,,,,,,,,,,,,,,,,,,,,,,,,,,,,,,,,,,,,,,,5,,3.5,5,,5,4.75,6.5,5.5,3.75,,,,,,,,,,,,,,2025.1
2006,27,0,0,2702,PC,,5.3,5.6999998,2004,,3,1,4.78,4.7,,,,7.33,,,,5.89,6.9999995,2.6300001,,4.630000114440918,5,4,5,4.380000114440918,6,,5.630000114440918,5.880000114440918,7,6.130000114440918,,,,6,5.5,5.25,4.130000114440918,,6.29,,,5.8600001,5.8800001,6.630000114440918,5.75,5.75,5.380000114440918,,,,,,6.8600001,5.4299998,,,4.8600001,4.75,,4.67,,5.22,,,,5.78,,,5,4,,,,,,,,,,,,,2025.1
2010,27,0,1,2702,PC,,1.32,1.2,2008,2.825000047683716,3,0,5.157894611358643,4.900000095367432,,,,6.523809432983398,,,,5.473684310913086,3.5416667,2.7142856,,4.9375,5.117647171020508,5.05555534362793,4.625,4.8125,5.125,,5.842105388641357,4.263157844543457,6.277777671813965,3.764705896377563,,,,5.823529243469238,3.578947305679321,4.636363506317139,2.266666650772095,,5.5833335,2.6666667,,,,6.300000190734863,4.699999809265137,4.235294342041016,3.1875,6.8235292,2.1578948,,,,5.5882354,3.5882354,5.2941175,3,,,2.1363637,4,,5,,,,5.800000190734863,,,5.333333492279053,4.125,,,,,,,,,,,,,2025.1
2014,27,0,1,2702,PC,,2.8,3.2,2012,4.7,3,1,5.529411792755127,5,6.1176472,,,7.9375,4.7058825,,,5.352941036224365,3.8823528,3,,4.083333492279053,,4.666666507720947,,5.25,,4.5384617,6.384615421295166,,6.800000190734863,,,,,6.857142925262451,,5.199999809265137,,,6.7142859,,,7.7857141,,6.285714149475098,,5.599999904632568,,7.3333335,,,,,4.2727275,,3.7857144,,,,1.375,4.909090995788574,,5.333333492279053,,3.5,,6.4375,,,4.777777671813965,4.833333492279053,,,,,3.4166667,3.2,,,,17,12,14,2025.1
2002,27,0,0,2703,PRM,93712,19.5,24.299999,2000,,1,0,8.550000000000001,1.82,,,,9.73,,,,3.55,4.2333331,2.8444443,,,,,,,,,,,,,,,,,,,,,,,,,,,,,,,,,,,,,,,,,,1.4,,1.29,2.5,,7,1.67,5.5,3,1.86,,,,,,,,,,,,,,2025.1
2006,27,0,0,2703,PRM,93712,13,14.5,2004,,1,0,7,2.2,,,,9.5,,,,4.2,5.666667,3,,3.75,5.130000114440918,2.630000114440918,5.25,2.25,6.5,,8.5,7.75,9.630000114440918,7.880000114440918,,,,7.380000114440918,6.380000114440918,8.25,7.130000114440918,,8.1400003,,,9.6700001,9.2200003,9.75,9.75,6.25,5.630000114440918,,,,,,8.75,9.25,,,1.5,5.3800001,,4.11,,4.11,,,,4.78,,,3.89,3.13,,,,,,,,,,,,,2025.1
2010,27,0,1,2703,PRM,93712,3.2,0,2008,8.649999618530273,1,0,5.631578922271729,2.099999904632568,,,,9.449999809265137,,,,3.700000047683716,3.6842108,2.0625,,3.133333444595337,3.411764621734619,1.941176414489746,2.277777671813965,1.736842155456543,6.550000190734863,,8.75,7.095238208770752,8.904762268066406,6.349999904632568,,,,8.631579399108887,6.714285850524902,7.866666793823242,5,,7.5333333,4.9375,,,,8.714285850524902,6.714285850524902,6.0625,3.764705896377563,6.5384617,2,,,,8.25,5.2857141,7.5999999,4.5,,,2.5,3.875,,3.235294103622437,,,,5.125,,,3.153846263885498,2.777777671813965,,,,,,,,,,,,,2025.1
2002,27,0,0,2704,PDL,93221,7,9,2000,,3,0,5.09,5.45,,,,3.91,,,,6.82,8.666666,3.2333333,,,,,,,,,,,,,,,,,,,,,,,,,,,,,,,,,,,,,,,,,,5.75,,6.4,4.5,,5,5.4,4.33,5.67,5.5,,,,,,,,,,,,,,2025.1
2006,27,0,0,2704,PDL,93221,13.5,14.5,2004,,3,1,5.78,5.9,,,,4.3,,,,6.8,9.333333,1.2,,5.570000171661377,6.130000114440918,6.130000114440918,6.5,5.130000114440918,6.25,,4.880000114440918,5.880000114440918,5,4.75,,,,4.630000114440918,4.380000114440918,4.860000133514404,4.25,,4.8600001,,,4.5,5.1399999,5.25,5.380000114440918,4,5.880000114440918,,,,,,5.1399999,5.4299998,,,7.25,6,,5.38,,6.33,,,,6.33,,,5.33,4.75,,,,,,,,,,,,,2025.1
2010,27,0,1,2704,PDL,93530,32.4,34.400002,2008,29.70999908447266,3,1,6.550000190734863,7.095237731933594,,,,5,,,,6.363636493682861,7.6190481,2.3,,5.684210300445557,7.263157844543457,6.142857074737549,6.050000190734863,6.761904716491699,5.650000095367432,,5.333333492279053,4.952381134033203,5.349999904632568,3.526315689086914,,,,5.761904716491699,3.761904716491699,4.230769157409668,2.5,,4.7692308,2.4375,,,,4.523809432983398,4.809523582458496,3.894736766815186,3.842105150222778,6.8947368,2.5,,,,4.5238094,5.2857141,2.5238094,4.4761906,,,1.0454545,4.764705657958984,,6.111111164093018,,,,6.263157844543457,,,5.631578922271729,4.642857074737549,,,,,,,,,,,,,2025.1
2014,27,0,1,2704,PDL,93530,15.3,12.6,2012,12.2,3,0,6.647058963775635,7.176470756530762,7.647059,,,5.588235378265381,4.5882354,,,6.647058963775635,6.2352943,2.5294118,,7,,7.533333301544189,,6.933333396911621,,7.1333332,5.066666603088379,,5.933333396911621,,,,,5,,4.428571224212646,,,5.7777777,,,5.1875,,4.5,,3.5,,5.8333335,,,,,3.8666666,,2.5999999,,,,1,6,,6.470588207244873,,5.8000002,,6.75,,,6.266666889190674,5.111111164093018,,,,,3.3571429,7.625,,,,3,8,13,2025.1
2002,27,0,0,2705,PNL,93430,6.9,8.6999998,2000,,3,0,6.64,7.36,,,,3.45,,,,6.91,9.7000008,2.4222224,,,,,,,,,,,,,,,,,,,,,,,,,,,,,,,,,,,,,,,,,,5.29,,6,4.75,,4.25,5,4.25,5.67,5,,,,,,,,,,,,,,2025.1
2006,27,0,0,2705,PNL,93430,18,19.299999,2004,,3,1,6.7,7.5,,,,4.1,,,,6.7,9.333333,1.7,,6.380000114440918,6.380000114440918,7,7,6.880000114440918,6.130000114440918,,4.130000114440918,5.130000114440918,4.75,5.25,,,,4.75,4.75,5.25,4.25,,5.29,,,4.3800001,5.25,5,5.5,3.130000114440918,5.75,,,,,,5,5.1700001,,,6.5,5.3800001,,5.56,,6.33,,,,6.33,,,5.67,4.38,,,,,,,,,,,,,2025.1
2010,27,0,1,2705,PNL,93430,18.6,19.5,2008,14.52000045776367,3,0,5.849999904632568,6.523809432983398,,,,4.285714149475098,,,,6.272727489471436,6.5079365,2.8499999,,6.368421077728271,6.473684310913086,6.571428775787354,5.949999809265137,6,5.599999904632568,,4.473684310913086,5.25,5.052631378173828,3.578947305679321,,,,5.150000095367432,3.61904764175415,4.461538314819336,2.6875,,5.2307692,2.875,,,,4.849999904632568,4.666666507720947,3.78947377204895,4.684210300445557,6.3157897,2.3499999,,,,4.3809524,5.0500002,5,3.8571429,,,1.1363636,4.882352828979492,,5.777777671813965,,,,6.157894611358643,,,5.631578922271729,4.5,,,,,,,,,,,,,2025.1
2014,27,0,1,2705,PNL,93430,21.5,24.299999,2012,15,3,.5,6.647058963775635,6.647058963775635,7.5294118,,,5.352941036224365,4.4705882,,,6.529411792755127,6.375,2.25,,6.266666889190674,,7.066666603088379,,6.733333110809326,,6.8666668,5,,6,,,,,5,,4.142857074737549,,,5.4444447,,,4.9375,,4.5625,,3.625,,5.7692308,,,,,4.1999998,,3.1333334,,,,1,5.857142925262451,,6.470588207244873,,5.5333333,,6.705882549285889,,,6.199999809265137,5.199999809265137,,,,,2.8571429,6.875,,,,3,13,8,2025.1
2019,27,0,1,2705,PNL,93430,20.04,22.1,2016,27,3,.5,7.066666603088379,7.25,7.1875,2.375,3.5,6,5.1875,3.2222223,4.5714288,6.266666889190674,7.0625,3.4285715,3.625,6.125,,7.0625,,6.8125,6.266666889190674,7.5,5.4375,,5.5625,,,,,5.25,,5,3.125,2.4666667,6,2.1428571,1.8333334,5.875,,5,,3.533333301544189,,6.0625,2.125,,,3.9333334,4.9333334,,,,,,,,,6.1875,,4.9285712,,6.533333301544189,,3.599999904632568,5.538461685180664,,,1.7142857,1.375,4.3571429,3.375,7.625,8.125,,,,,,2025.1
2024,27,0,1,2705,PNL,93430,13.2,49,2024,20.45000076293945,3,,6.272727489471436,6.818181991577148,7.5,2.4615386,3.6666667,5.5,5.4761906,2.8333333,5.875,6.5652174949646,7.130435,2.4000001,2.7142856,5.916666507720947,,6.199999809265137,,7.099999904632568,4.800000190734863,,3.75,,,,3.6153846,6.3000002,5.818182,6.727272510528564,,4.571428775787354,3.047619104385376,1.8947369,5.3157897,2.95,,5.3000002,,4.699999809265137,,3.636363744735718,,3.3,4,5.0999999,2.8888888,4.0999999,3.8888888,,,,,,,,,6.333333492279053,,,,,,,4.571428775787354,,2,,.125,2.3,1.25,3,,5.375,5.1666665,,,,2025.1
2002,27,0,0,2706,UDMR,93951,6.8,7.8000002,2000,,8,0,5.82,6.3,,,,3,,,,6.91,9.1000004,1.7222222,,,,,,,,,,,,,,,,,,,,,,,,,,,,,,,,,,,,,,,,,,6,,6.4,5.33,,5.8,6.14,5.33,6,6,,,,,,,,,,,,,,2025.1
2006,27,0,0,2706,UDMR,93951,6.2,6.5999999,2004,,8,1,6,6.22,,,,5.1,,,,6.6,8,1.4400001,,4.880000114440918,5.130000114440918,5.130000114440918,5.380000114440918,5.25,5.630000114440918,,3.380000114440918,6.130000114440918,5.380000114440918,5.130000114440918,,,,5.880000114440918,4.880000114440918,4.25,5.130000114440918,,2.4300001,,,4.71,8.71,0,10,5.75,6.25,,,,,,.88,9.3800001,,,5.25,4.8800001,,5.56,,6.22,,,,6.44,,,5.88,3.75,,,,,,,,,,,,,2025.1
2010,27,0,1,2706,UDMR,93951,6.2,6.5999999,2008,8.920000076293945,8,0,6,6.095238208770752,,,,4.900000095367432,,,,6.454545497894287,7.7777777,1.8888888,,5.117647171020508,5.058823585510254,5.842105388641357,4,5.388888835906982,4,,4.5789475440979,5.300000190734863,5.473684310913086,3.315789461135864,,,,4.894736766815186,3.700000047683716,4.583333492279053,3.8125,,2.9166667,4.1875,,,,1.809523820877075,8.952381134033203,5,3.833333253860474,5.2631578,3.1500001,,,,1.8571428,7.8095236,4.2352943,3.5,,,1.0909091,5.352941036224365,,6,,,,6.4210524559021,,,5.9375,4,,,,,,,,,,,,,2025.1
2014,27,0,1,2706,UDMR,93951,5.1,4.4000001,2012,6.3,8,.5,6.117647171020508,6.125,5.1764708,,,5.6875,4.7647057,,,6.294117450714111,5.7058825,2.125,,5.818181991577148,,6.272727489471436,,6.083333492279053,,6.0769229,5,,5.5,,,,,5.461538314819336,,4.599999904632568,,,2.125,,,4.3125,,.625,,4.714285850524902,,5.1666665,,,,,.93333334,,3.6666667,,,,1.1176471,6,,6.357142925262451,,5.4615383,,6.5,,,6.153846263885498,4.833333492279053,,,,,3.5,4.9375,,,,7,11,4,2025.1
2019,27,0,1,2706,UDMR,93951,6.19,6.6999998,2016,5.26,8,0,5.866666793823242,5.6875,4.6875,2.125,4.4285712,6.0625,4.4375,2.8888888,5.2857141,6.0625,6.2857141,4.25,3,5.75,,5.615384578704834,,5.733333110809326,4.357142925262451,5.5,4.933333396911621,,5.866666793823242,,,,,6.133333206176758,,5.466666698455811,3.4375,2.6666667,4.5,2.8571429,2.0833333,4.2142859,,.8125,,4.857142925262451,,4.9333334,2.5333333,,,5.1666665,.875,,,,,,,,,6,,4.909091,,6.642857074737549,,3.666666746139526,5.285714149475098,,,.91666669,1.1428572,2.909091,2,4,7.5625,,,,,,2025.1
2024,27,0,1,2706,UDMR,93951,6.33,22,2024,6.480000019073486,8,,5.590909004211426,5.428571224212646,5.4545455,1.0714285,5.3333335,6,4.2857141,2.2307692,3.375,6.217391490936279,6.7826085,2,3.2857144,4.363636493682861,,5,,5.050000190734863,5.473684310913086,,4.375,,,,3.6923077,6.4000001,5.818182,7,,5.5,3.190476179122925,1.6111112,4.1666665,3,,5,,.0909090936183929,,4.727272510528564,,4,2.7777777,4.9000001,3.0999999,5.3000002,.77777779,,,,,,,,,5.55555534362793,,,,,,,4.142857074737549,,6,,1.5,2.0999999,1.8181819,2.4285715,,5.25,3.75,,,,2025.1
2002,27,0,0,2707,CDR 2000,93411,5,0,2000,,4,0,6.29,6.71,,,,4.43,,,,6.86,8.5666666,3.9666669,,,,,,,,,,,,,,,,,,,,,,,,,,,,,,,,,,,,,,,,,,5.75,,6,3,,5,5,5.5,6,6,,,,,,,,,,,,,,2025.1
2006,27,0,0,2708,FDGR,,,,2004,,8,0,5.29,6,,,,4.29,,,,6.43,7.6333332,1,,4.170000076293945,5.5,5.170000076293945,5.5,4.670000076293945,5.329999923706055,,4,5.170000076293945,5,4.170000076293945,,,,4.829999923706055,4.170000076293945,4.5,4.829999923706055,,3.2,,,4.5999999,7.3299999,1.200000047683716,8.800000190734863,4.170000076293945,5.670000076293945,,,,,,2,7.5,,,4.8000002,4.4000001,,5.2,,6.17,,,,6.17,,,5.67,4.33,,,,,,,,,,,,,2025.1
2014,27,0,1,2709,UNPR,,2.1,2.4000001,2012,4.7,5,.5,3.428571462631226,3.571428537368774,6.647059,,,7.642857074737549,4.5882354,,,5.588235378265381,4.125,2.1666667,,3.666666746139526,,3.333333253860474,,4.230769157409668,,3.3076923,6.916666507720947,,7.307692527770996,,,,,7.538461685180664,,5.599999904632568,,,6.625,,,8.166667,,6.071428775787354,,6.846153736114502,,7.3333335,,,,,4.9230771,,3.0769231,,,,1.2666667,4.900000095367432,,5,,3.8181818,,6.5,,,5.636363506317139,4.800000190734863,,,,,2.4615386,4.1538463,,,,14,12,13,2025.1
2014,27,0,1,2710,PP-DD,93981,14,11.4,2012,3.7,9,0,4.357142925262451,2.538461446762085,5.8235292,,,8.625,5.6875,,,4.533333301544189,3.5294118,2.6363637,,4.75,,2.454545497894287,,3.454545497894287,,1.9230769,8,,7.785714149475098,,,,,7.25,,7.166666507720947,,,8.666667,,,8.4285717,,8.066666603088379,,7.083333492279053,,5.6999998,,,,,6.25,,6.625,,,,2.1666667,3.625,,3.799999952316284,,2.5555556,,5.92307710647583,,,4,3.799999952316284,,,,,8.666667,6.8461537,,,,1,12,14,2025.1
2014,27,0,1,2711,PMP,,,,2012,6.2,4,0,6.470588207244873,7.058823585510254,7.2941175,,,5.058823585510254,4.2352943,,,6.5,6.1176472,1.6875,,7.066666603088379,,7.384615421295166,,7.214285850524902,,7.2666669,5.466666698455811,,5.599999904632568,,,,,5.466666698455811,,4.599999904632568,,,5.5555553,,,4.9230771,,4.857142925262451,,3.642857074737549,,6.4545455,,,,,3.7142856,,2.7857144,,,,1,6.07692289352417,,6.333333492279053,,5.7692308,,6.599999904632568,,,6.153846263885498,5,,,,,4.3846154,7.4666667,,,,3,8,13,2025.1
2019,27,0,1,2711,PMP,,5.35,5.8000002,2016,5.76,4,0,7.071428775787354,7.357142925262451,5.7857141,1.1428572,4.8000002,7.214285850524902,5.2142859,2.2857144,5.6666665,5.666666507720947,6.1428571,2.3333333,5,6.428571224212646,,7.214285850524902,,6.92307710647583,6.230769157409668,7.4285712,7.066666603088379,,7.066666603088379,,,,,6.214285850524902,,6.428571224212646,4.199999809265137,2.5714285,7,3.25,1.25,7,,6.230769157409668,,4.384615421295166,,6.1538463,2.0714285,,,4.818182,5.4615383,,,,,,,,,5.769230842590332,,4.6153846,,6.5,,3.214285612106323,4.75,,,2.1538463,2.3333333,5.6923075,5,6.6428571,9.1875,,,,,,2025.1
2014,27,0,1,2712,PLR,,,,2012,,3,0,6.666666507720947,6.599999904632568,7.2941175,,,5,4.0666666,,,6.285714149475098,5,1.5384616,,6.090909004211426,,7.25,,6.545454502105713,,6.8461537,5.272727489471436,,5.44444465637207,,,,,5,,4,,,4.8000002,,,4.818182,,4.333333492279053,,3.769230842590332,,6.4444447,,,,,4,,4.090909,,,,1,5.666666507720947,,5.909090995788574,,4.6999998,,6.692307472229004,,,6.099999904632568,5.333333492279053,,,,,2.4166667,5.2307692,,,,13,8,28,2025.1
2019,27,0,1,2712,ALDE,,5.62,6.4000001,2016,4.11,3,.5,6.133333206176758,6.133333206176758,5.8666668,2.5714285,4.5,6.25,4.4666667,2.7142856,5.8333335,5,5.4000001,3,5.875,5.714285850524902,,6.199999809265137,,6.066666603088379,5.866666793823242,6.3333335,5.199999809265137,,5.733333110809326,,,,,4.928571224212646,,5.666666507720947,3.333333253860474,2.7142856,5.6666665,2.4615386,1.8181819,5.6666665,,5,,3.714285612106323,,5.8571429,2,,,4.4285712,5.3333335,,,,,,,,,5.800000190734863,,3.7857144,,6.230769157409668,,3.666666746139526,4.307692527770996,,,1.5833334,1.1428572,3.2307692,2.5333333,3.4666667,9.0625,,,,,,2025.1
2019,27,0,1,2713,USR,,8.869999999999999,9.6000004,2016,22.36,3,0,6.466666698455811,6.5,6.3125,5,3,2.625,7.125,5.8888888,3.4285715,6.75,8.4375,2.8571429,3.125,5.199999809265137,,6.733333110809326,,6,6.333333492279053,6.9375,4.125,,2.125,,,,,2.1875,,3.799999952316284,3.8125,3.3571429,4.1666665,2.5714285,2.3333333,2.5,,3.8125,,2.6875,,4.3125,4.9375,,,3,3.3846154,,,,,,,,,6.5,,5.7857141,,6.785714149475098,,4.846153736114502,6,,,2.2142856,1.375,6,6.5,9.5625,4.4375,,,,,,2025.1
2024,27,0,1,2713,USR,,12.4,40,2024,8.720000267028809,3,,5.818181991577148,7.045454502105713,7.5454545,2.5714285,2,2.909090995788574,6.9523811,3,3.5,6.65217399597168,8.695652,1.5333333,1.7142857,7.333333492279053,,6.400000095367432,,7.599999904632568,4.947368621826172,,3.75,,,,3.3076923,3.5,4.2727275,5,,4.333333492279053,3.238095283508301,2,3.7368422,3.4000001,,3.7,,3.599999904632568,,3.454545497894287,,2.1111112,5.1111112,3.8181818,3.8181818,3.2,4.2222223,,,,,,,,,6.55555534362793,,,,,,,5.166666507720947,,1.5,,.5,3.3,5.5,8.833333,,4.5714288,2.5833333,,,,2025.1
2019,27,0,1,2714,PRO,,,,2016,6.44,5,0,4.285714149475098,4.533333301544189,5.7333331,2.2857144,5.5714288,6.538461685180664,3.9230769,2.5714285,7.1666665,5.400000095367432,5.8000002,2.8,4.25,4.461538314819336,,4.285714149475098,,4.142857074737549,6.071428775787354,4.3076925,5.615384578704834,,5.846153736114502,,,,,5.636363506317139,,5.07692289352417,3,2.3846154,5.6999998,2.8333333,1.5454545,6.6153846,,5.454545497894287,,4.384615421295166,,5.5384617,1.8333334,,,5.7272725,5.5999999,,,,,,,,,5.615384578704834,,4.25,,6.384615421295166,,3.545454502105713,4.25,,,1.5833334,1.2666667,3.6363637,4.1428571,4.7142859,9.5714283,,,,,,2025.1
2024,27,0,1,2715,AUR,,18.01,63,2024,14.93000030517578,1,,9.136363983154297,4.650000095367432,5.2272725,1.6153846,4.8333335,9.409090995788574,9.136364,1.1538461,2.375,2.34782600402832,6.304348,2.25,1.8571428,5.636363506317139,,4,,3.5,5.947368621826172,,8.5,,,,7.25,9.8999996,7.909091,9.181818008422852,,9.399999618530273,6.952381134033203,.80000001,9.2105265,5.8499999,,8.8999996,,9.727272987365723,,6.5,,7.7777777,2.4444444,6.8000002,2.4545455,9.1000004,8.2857141,,,,,,,,,3.333333253860474,,,,,,,1,,7.5,,4.5,7.5999999,9.75,6.3333335,,7.5714288,6,,,,2025.1
2024,27,0,1,2716,SOS RO,,7.36,28,2024,5.03000020980835,1,,9.619047164916992,3.764705896377563,4.3333335,1,6,9.666666984558105,8.9047623,.25,1.75,1.545454502105713,5.8636365,1.5,2.7142856,5.571428775787354,,4.25,,3.3125,5.529411792755127,,8.857142448425293,,,,7.25,10,8.090909,9,,9.5,7.050000190734863,.33333334,9.4444447,5.5789475,,9.6999998,,9.818181991577148,,7,,8.7777777,1.6666666,7,2.3636363,9.3999996,8.5,,,,,,,,,2.166666746139526,,,,,,,1,,7.75,,4.625,9,9.916667,5.6666665,,8.5,6.2727275,,,,2025.1
2024,27,0,1,2717,POT,,6.46,24,2024,,1,,9.928571701049805,4.222222328186035,3.5454545,.60000002,6,9.857142448425293,9.0714283,.22222222,1,1.375,5.8461537,.75,.60000002,6.333333492279053,,10,,4,4.875,,10,,,,6.875,10,8.333333,9.571428298950195,,9,6.545454502105713,.5,9.833333,6.1538463,,10,,10,,8,,9.25,1.75,8.333333,2.8,10,9.5,,,,,,,,,2.666666746139526,,,,,,,1,,9.5,,6.75,9.625,9.875,6.3333335,,10,6.8571429,,,,2025.1
2002,28,0,0,2801,HZDS,96711,19.5,24.5,2002,,9,0,4.38,4.17,,,,7.15,,,,5.5,6.4333334,4.1666665,,,,,,,,,,,,,,,,,,,,,,,,,,,,,,,,,,,,,,,,,,3.4,,4,4.14,,5.33,6,4,5,4.2,,,,,,,,,,,,,,2025.1
2006,28,0,1,2801,LS-HZDS,96711,8.800000000000001,10,2006,17,9,.5,5.54,5.46,,,,6.14,,,,5.23,5.9666667,3.6900001,,5.070000171661377,5.170000076293945,5.070000171661377,4.449999809265137,5.289999961853027,5.090000152587891,,6.380000114440918,4.820000171661377,6,4.300000190734863,,,,5.579999923706055,4.730000019073486,6,2.900000095367432,,6.6399999,,,7.4499998,7.4499998,6.420000076293945,6.730000019073486,6.579999923706055,5.269999980926514,,,,,,5.73,4.9000001,,,4,4.4000001,,4.25,,5,,,,5.92,,,5.08,4.15,,,,,,,,,,,,,2025.1
2010,28,0,1,2801,LS-HZDS,96711,4.32,0,2010,8.970000267028809,9,0,5,4.428571224212646,,,,7.214285850524902,,,,5.133333206176758,4.2222223,1.8571428,,4.214285850524902,4.384615421295166,4.285714149475098,3.857142925262451,4.384615421295166,3.785714387893677,,6.692307472229004,5.285714149475098,7.07692289352417,4.357142925262451,,,,5.714285850524902,5,6.599999904632568,3.615384578704834,,6.4166665,3.7692308,,,,6.692307472229004,6.142857074737549,6.785714149475098,6,6.4166665,2.2142856,,,,6,3.5384614,5.3846154,3.1666667,,,1.3333334,4.5,,5.166666507720947,,,,6.384615421295166,,,4.5,3.5,,,,,,,,,,,,,2025.1
2002,28,0,0,2802,SDKU,96523,15.1,18.700001,2002,,4,1,7.07,7.25,,,,3.54,,,,7,10,.68888891,,,,,,,,,,,,,,,,,,,,,,,,,,,,,,,,,,,,,,,,,,5.22,,6,4.29,,4.29,6.56,5.2,6.18,5.22,,,,,,,,,,,,,,2025.1
2006,28,0,1,2802,SDKU-DS,96523,18.4,20.700001,2006,17.10000038146973,4,.5,7.31,8.289999999999999,,,,4.5,,,,6.07,7.8666663,2.4300001,,7.789999961853027,7.579999923706055,8.569999694824219,8.270000457763672,7.789999961853027,8.090000152587891,,4.690000057220459,4.639999866485596,4.170000076293945,4.300000190734863,,,,4.75,3.549999952316284,5.449999809265137,2.640000104904175,,5.1799998,,,3.8199999,4.5500002,4.75,3.640000104904175,2.079999923706055,4.909999847412109,,,,,,3.45,5.1999998,,,7.5,5.5999999,,5,,6.29,,,,6.25,,,5.67,4.77,,,,,,,,,,,,,2025.1
2010,28,0,1,2802,SDKU-DS,96523,15.4,18.700001,2010,16.97999954223633,4,1,6.642857074737549,7.571428298950195,,,,5.142857074737549,,,,5.199999809265137,8,2.2857144,,6.142857074737549,7.153846263885498,7,7.071428775787354,6.642857074737549,6.571428775787354,,5.785714149475098,5.928571224212646,5.571428775787354,4.214285850524902,,,,6.071428775787354,5.357142925262451,5.846153736114502,3.071428537368774,,6.0769229,2.7857144,,,,5,4.5,3.5,4.428571224212646,6.2857141,2.6428571,,,,4.7692308,3.9230769,3.4615386,4.5714288,,,1.0666667,4.545454502105713,,6.357142925262451,,,,6.461538314819336,,,5.363636493682861,3.461538553237915,,,,,,,,,,,,,2025.1
2014,28,0,1,2802,SDKU-DS,96523,6.1,7.3000002,2012,7.8,4,0,6.857142925262451,7.571428775787354,7.2857141,,,5.307692527770996,4.8461537,,,6.357142925262451,6.5,1.3636364,,7.214285850524902,,7.642857074737549,,7.384615421295166,,7.4285712,5.230769157409668,,5.384615421295166,,,,,4.928571224212646,,5.181818008422852,,,5.5454545,,,3.5714285,,4.166666507720947,,3.214285612106323,,6.4545455,,,,,3.1818182,,3.2857144,,,,1,5.583333492279053,,6.333333492279053,,4.5714288,,6.75,,,6.07692289352417,4.44444465637207,,,,,3.4285715,6.2857141,,,,13,5,8,2025.1
2002,28,0,0,2803,Smer,96423,13.5,16.700001,2002,,5,0,3.54,3.75,,,,4.46,,,,5.36,6.8999996,2.5,,,,,,,,,,,,,,,,,,,,,,,,,,,,,,,,,,,,,,,,,,4.13,,3.63,4.71,,5,6.11,4.2,5.33,4.6,,,,,,,,,,,,,,2025.1
2006,28,0,1,2803,Smer,96423,29.1,33.299999,2006,16.89999961853027,5,.5,3.08,2.36,,,,4.43,,,,4.79,5.2333331,4,,2.789999961853027,7.25,2.5,7.269999980926514,1.710000038146973,7.550000190734863,,6.920000076293945,5.820000171661377,4.079999923706055,4.329999923706055,,,,2.5,3.640000104904175,5.550000190734863,2.730000019073486,,5.3600001,,,6.0900002,5.4499998,5.670000076293945,4.360000133514404,5.420000076293945,4.269999980926514,,,,,,6.5500002,3.8,,,3.0799999,4.9000001,,4.25,,5.21,,,,6.08,,,4.92,4.92,,,,,,,,,,,,,2025.1
2010,28,0,1,2803,Smer,96423,34.8,41.299999,2010,32.0099983215332,5,0,3.357142925262451,2.230769157409668,,,,5.692307472229004,,,,5.866666793823242,6.6666665,1.3571428,,2.428571462631226,6,2.428571462631226,5.857142925262451,2.357142925262451,6.714285850524902,,7.071428775787354,5.928571224212646,5.357142925262451,3.214285612106323,,,,3.5,3.928571462631226,5.692307472229004,2.928571462631226,,5.7692308,2.5714285,,,,6.92307710647583,5.142857074737549,5.357142925262451,4.214285850524902,6.3571429,2.2857144,,,,6.0769229,3.3846154,5.3076925,4,,,1.1333333,4.727272510528564,,5.5,,,,6.461538314819336,,,5.545454502105713,4.214285850524902,,,,,,,,,,,,,2025.1
2014,28,0,1,2803,Smer-SD,96423,44.4,55.299999,2012,24.1,5,1,3.692307710647583,2.571428537368774,8.6428576,,,6.928571224212646,4.8461537,,,6.142857074737549,6.5714288,1.4545455,,2.714285612106323,,2.214285612106323,,2.642857074737549,,1.7142857,6.92307710647583,,6.692307472229004,,,,,4.857142925262451,,6.461538314819336,,,6.4166665,,,6.7857141,,7.307692527770996,,5.857142925262451,,7.1538463,,,,,7,,5,,,,1,5.900000095367432,,5.846153736114502,,5.0714288,,6.833333492279053,,,5.153846263885498,4.599999904632568,,,,,3.7142856,3.7857144,,,,14,17,13,2025.1
2019,28,0,1,2803,Smer-SD,96423,28.28,32.700001,2016,15.72,5,1,4.25,3.5,6.875,2.8888888,5,7.875,6.125,3.4285715,4.8888888,5.1875,4.5,4.6666665,6.3000002,3,,2.625,,2.125,7.75,1.125,7.571428775787354,,8.0625,,,,,5.857142925262451,,9.125,8.4375,1.4666667,8.6428576,6.125,1.7142857,8,,7.1875,,7,,7.6666665,2.25,,,7.3076925,7.2142859,,,,,,,,,5.133333206176758,,4.5999999,,6.333333492279053,,1.799999952316284,3.857142925262451,,,3.6428571,6.8000002,2.9230769,3.3333333,2.2666667,9.3571424,,,,,,2025.1
2024,28,0,1,2803,Smer-SD,96423,23,42,2023,24.77000045776367,5,,4.777777671813965,2.428571462631226,7.5500002,1.8,6.5,8.947368621826172,8.666667,.91666669,2,3.047619104385376,6.1904764,1.2857143,6.8461537,2.777777671813965,,3.25,,2.411764621734619,8.29411792755127,,8.25,,,,6.8888888,9.3000002,9.2857141,5.909090995788574,,9.333333015441895,7.94444465637207,.70588237,9,5.0625,,8.5,,8.142857551574707,,7.800000190734863,,6.75,3.3333333,7.8888888,3.3333333,8.25,7.1111112,,,,,,,,,5.428571224212646,,,,,,,1.571428537368774,,6,,5.75,4,7.8000002,.75,,9.333333,7.5714288,,,,2025.1
2002,28,0,0,2804,SMK,96952,11.2,13.3,2002,,8,1,6.79,5.67,,,,5.23,,,,6.86,9.3000002,.64444447,,,,,,,,,,,,,,,,,,,,,,,,,,,,,,,,,,,,,,,,,,4.8,,5.71,4.29,,5.57,6.44,5.6,5.75,5.3,,,,,,,,,,,,,,2025.1
2006,28,0,1,2804,SMK,96952,11.7,13.3,2006,13.19999980926514,8,.5,6.08,6,,,,5.93,,,,6.36,7.3666668,2.1500001,,5.789999961853027,4.25,6.070000171661377,3.640000104904175,5.789999961853027,4.269999980926514,,4.309999942779541,4.550000190734863,5.5,4.099999904632568,,,,5.579999923706055,4.730000019073486,4.5,3.819999933242798,,2.6400001,,,7.4000001,8.9099998,.4199999868869781,9.729999542236328,6.75,5.360000133514404,,,,,,1.1799999,8.6999998,,,6.4499998,4.1999998,,5.42,,6,,,,6.58,,,5.08,4.62,,,,,,,,,,,,,2025.1
2010,28,0,1,2804,SMK,96952,4.33,0,2010,11.32999992370605,8,0,5.92307710647583,5.692307472229004,,,,6.571428775787354,,,,5.800000190734863,6,1.5384616,,4.846153736114502,3.538461446762085,5.666666507720947,3.75,4.75,3.916666746139526,,5.181818008422852,4.916666507720947,6.538461685180664,4.071428775787354,,,,6.285714149475098,5.846153736114502,5.400000095367432,4.153846263885498,,4.4166665,3.9285715,,,,.7857142686843872,8.928571701049805,6.571428775787354,6.785714149475098,6.1538463,2.2142856,,,,3.0769231,6.5384617,4.1999998,3.25,,,1.0666667,5,,5.916666507720947,,,,6.384615421295166,,,5.5,3.400000095367432,,,,,,,,,,,,,2025.1
2014,28,0,1,2804,SMK-MKP,96952,4.3,0,2012,6.5,8,0,6.769230842590332,5.714285850524902,3.9285715,,,7.5,5.2142859,,,6.142857074737549,5.8461537,1.6363636,,4.833333492279053,,5.307692527770996,,5.214285850524902,,5.2142859,5.92307710647583,,6.92307710647583,,,,,6.153846263885498,,5,,,4.909091,,,6,,.6153846383094788,,7,,6.8000002,,,,,1.7692307,,4.5,,,,1.1428572,5.454545497894287,,5.545454502105713,,4.818182,,6.75,,,5.727272510528564,5,,,,,4,5.2727275,,,,7,12,18,2025.1
2019,28,0,1,2804,SMK-MKP,96952,4.05,0,2016,4.96,8,0,5.92307710647583,5.538461685180664,4.8333335,3,4.1999998,7.142857074737549,6.7272725,3.5,3.2857144,6.071428775787354,5.8461537,3.75,2.6666667,4.800000190734863,,4.900000095367432,,4.090909004211426,4.818181991577148,4.5454545,5.599999904632568,,7.272727489471436,,,,,7.545454502105713,,6.5,5.833333492279053,2.9000001,4.5555553,4,2.2222223,4.1538463,,.3333333432674408,,7.333333492279053,,5.5,4,,,5.1111112,2.0714285,,,,,,,,,5.181818008422852,,5,,6.083333492279053,,3.599999904632568,5.44444465637207,,,3.8181818,3.3,3.5555556,4.090909,5,6.4000001,,,,,,2025.1
2002,28,0,0,2805,KDH,96521,8.300000000000001,10,2002,,2,1,7.64,7.08,,,,7.83,,,,5.5,8.333333,4.0888886,,,,,,,,,,,,,,,,,,,,,,,,,,,,,,,,,,,,,,,,,,3.5,,4,3.43,,4.43,5.88,4.6,4.67,3.9,,,,,,,,,,,,,,2025.1
2006,28,0,1,2805,KDH,96521,8.300000000000001,9.3000002,2006,16.20000076293945,2,.5,7.15,6.79,,,,8.789999999999999,,,,3.86,6.1999998,4.21,,6.139999866485596,5.329999923706055,6.639999866485596,4.820000171661377,6.139999866485596,4.909999847412109,,8.079999923706055,7.179999828338623,9.170000076293945,8.25,,,,9.25,9.449999809265137,7.820000171661377,6.099999904632568,,7.6399999,,,7.27,7.4499998,6,5.909999847412109,6.420000076293945,5.179999828338623,,,,,,4.27,4.5999999,,,4.75,4.4000001,,3.33,,4.57,,,,5.5,,,3.92,1.69,,,,,,,,,,,,,2025.1
2010,28,0,1,2805,KDH,96521,8.5,10,2010,10.86999988555908,2,1,6.833333492279053,6.285714149475098,,,,8.357142448425293,,,,4.533333301544189,6.4444447,2.7692308,,5.428571224212646,5.538461685180664,5.785714149475098,5.214285850524902,5.538461685180664,4.857142925262451,,7.785714149475098,7.428571224212646,8.785714149475098,8.071428298950195,,,,9,8.928571701049805,8.230769157409668,5.142857074737549,,8,5.5,,,,6.285714149475098,5.857142925262451,6.428571224212646,5.857142925262451,6.25,2.2857144,,,,5.3076925,3.6923077,4.3076925,3.6428571,,,1.2666667,4.454545497894287,,5.615384578704834,,,,6.307692527770996,,,4.818181991577148,1.928571462631226,,,,,,,,,,,,,2025.1
2014,28,0,1,2805,KDH,96521,8.800000000000001,10.7,2012,13.2,2,0,6.928571224212646,6,6.0714288,,,8.928571701049805,9.2142859,,,5,5.4285712,2.4000001,,5.357142925262451,,5.142857074737549,,5.142857074737549,,5.3571429,7.428571224212646,,9.357142448425293,,,,,9.214285850524902,,7.615384578704834,,,8.25,,,7.5,,6.692307472229004,,7,,6.8333335,,,,,4.9230771,,5.2307692,,,,1.3846154,4.416666507720947,,5.461538314819336,,3.8461537,,6.666666507720947,,,5.384615421295166,2.299999952316284,,,,,3.7857144,5.7142859,,,,15,16,13,2025.1
2019,28,0,1,2805,KDH,96521,4.94,0,2016,9.69,2,0,6.625,6.1875,5.625,3.125,3.1428571,8.0625,7.5,2.5714285,2.3333333,5.1875,5.875,2.8333333,2.8,5.599999904632568,,5.375,,5,5,5.9375,5.875,,8,,,,,9.125,,6.266666889190674,5.5625,3.25,7.2307692,4.0666666,2.3333333,6.5,,4.714285850524902,,6.733333110809326,,5.6666665,3.6666667,,,5.6153846,4.6923075,,,,,,,,,5.066666603088379,,4.5714288,,5.733333110809326,,3.571428537368774,4.428571224212646,,,4.5,4.0666666,3.4166667,3.3125,6.3333335,6.2142859,,,,,,2025.1
2024,28,0,1,2805,KDH,96521,6.8,12,2023,7.150000095367432,2,,6.94444465637207,5.666666507720947,6.0526314,2.8,4,8.100000381469727,8.2222223,1.75,3.6666667,5.523809432983398,6.25,1.8571428,3.3333333,4.800000190734863,,5,,4.25,5.5,,6.375,,,,5.7777777,8.1999998,9.5714283,9.090909004211426,,6.333333492279053,5.166666507720947,2.1333334,7.4375,4.75,,7.875,,5,,7.333333492279053,,5,3.8888888,5.1111112,4.1111112,6,4.875,,,,,,,,,6.142857074737549,,,,,,,4.571428775787354,,3.75,,4,3.5,3.4444444,6,,5.4444447,3.5714285,,,,2025.1
2002,28,0,0,2806,ANO,96424,8,10,2002,,3,1,6.71,7.5,,,,3.54,,,,6.57,8.7333326,1.0222222,,,,,,,,,,,,,,,,,,,,,,,,,,,,,,,,,,,,,,,,,,5.15,,5.63,4.4,,4,6.11,4.8,5.75,5,,,,,,,,,,,,,,2025.1
2002,28,0,0,2807,KSS,96222,6.3,7.3000002,2002,,6,0,.64,.67,,,,5.69,,,,3,3.5666664,1.9666667,,,,,,,,,,,,,,,,,,,,,,,,,,,,,,,,,,,,,,,,,,2,,1.86,3,,4.75,5.25,4,7,3,,,,,,,,,,,,,,2025.1
2006,28,0,1,2807,KSS,96222,3.9,0,2006,4.539999961853027,6,0,.54,.5,,,,5.69,,,,2.62,3.5999997,3.6199999,,1.379999995231628,6.900000095367432,.3799999952316284,7.78000020980835,.3799999952316284,8.5,,7,5.099999904632568,5.269999980926514,3.430000066757202,,,,.8199999928474426,5.199999809265137,5.889999866485596,3.430000066757202,,5.2199998,,,4.8899999,4.3299999,5.300000190734863,3.329999923706055,5.599999904632568,4,,,,,,7.6700001,3.6700001,,,.63999999,5.4000001,,3,,2.75,,,,4.78,,,2.33,3.6,,,,,,,,,,,,,2025.1
2010,28,0,1,2807,KSS,96222,.83,0,2010,1.649999976158142,6,0,.692307710647583,.3333333730697632,,,,6.599999904632568,,,,2.555555582046509,4.1666665,1.2,,.9090909361839294,6.625,.4545454680919647,7.44444465637207,.5454545617103577,7.272727489471436,,7.833333492279053,4.875,6,3.857142925262451,,,,1.090909123420715,5.900000095367432,5.333333492279053,3,,6,2.5999999,,,,6.599999904632568,3.599999904632568,5,3.400000095367432,5,1.8571428,,,,7.6666665,2.25,8.4285717,5.2857141,,,2.5699999,2.666666746139526,,1.571428537368774,,,,5.666666507720947,,,2.166666746139526,2.5,,,,,,,,,,,,,2025.1
2002,28,0,0,2808,PSNS,,3.7,0,2002,,1,0,8.5,3.75,,,,8.619999999999999,,,,3.07,3.3333333,2.1333334,,,,,,,,,,,,,,,,,,,,,,,,,,,,,,,,,,,,,,,,,,2,,1.89,1.8,,4,4.67,3.67,2,2.33,,,,,,,,,,,,,,2025.1
2002,28,0,0,2809,SNS,96710,3.3,0,2002,,1,0,8.289999999999999,3.67,,,,8.77,,,,3.31,3.5999997,2.4777777,,,,,,,,,,,,,,,,,,,,,,,,,,,,,,,,,,,,,,,,,,2,,1.89,1.8,,4,4.25,3.67,2,2.86,,,,,,,,,,,,,,2025.1
2006,28,0,1,2809,SNS,96710,11.7,13.3,2006,2,1,.5,8.31,5,,,,8.640000000000001,,,,3.23,3.8000004,3.1400001,,5.139999866485596,4.170000076293945,4.5,3.730000019073486,4.789999961853027,4.449999809265137,,8.619999885559082,6.909999847412109,9.079999923706055,6.329999923706055,,,,6.920000076293945,5.199999809265137,8.829999923706055,6.449999809265137,,8.7299995,,,9.8199997,9.8199997,9.829999923706055,9.729999542236328,5.829999923706055,4.550000190734863,,,,,,5.9099998,5,,,2.1700001,5.6999998,,3,,3.86,,,,5.5,,,3.18,2,,,,,,,,,,,,,2025.1
2010,28,0,1,2809,SNS,96710,5.1,6,2010,5.550000190734863,1,0,7.84615421295166,4.272727489471436,,,,9.214285850524902,,,,3.076923131942749,4,1.6428572,,4.090909004211426,3.076923131942749,3.583333253860474,3,4.636363506317139,3.692307710647583,,8.461538314819336,6.214285850524902,8.928571701049805,6.5,,,,6.428571224212646,5.571428775787354,9.071428298950195,6.357142925262451,,9.5384617,6.2857141,,,,9.928571701049805,9.714285850524902,6,5,6.7857141,1.9285715,,,,7.5,4.4166665,7.5,5.2142859,,,2.4666667,3.400000095367432,,3.923076868057251,,,,6.153846263885498,,,2.888888835906982,1.785714268684387,,,,,,,,,,,,,2025.1
2014,28,0,1,2809,SNS,96710,4.6,0,2012,3.6,1,0,8.357142448425293,4.769230842590332,4,,,9.357142448425293,7.7857141,,,2.285714387893677,5.4285712,3,,4.818181991577148,,4.5,,5.07692289352417,,4.2857141,9.071428298950195,,9.857142448425293,,,,,8.142857551574707,,9.307692527770996,,,9.666667,,,9.9285717,,10,,6.428571224212646,,7.6363635,,,,,7.5833335,,8,,,,2.3076923,2.833333253860474,,3.083333253860474,,1.5,,4.75,,,2.384615421295166,2,,,,,7,4.8333335,,,,12,7,20,2025.1
2019,28,0,1,2809,SNS,96710,8.640000000000001,10,2016,4.09,1,1,7.4375,4.4375,5.0625,3.5,6.5,8.9375,8.3999996,1.5714285,2.8888888,3.066666603088379,3.9375,2.6666667,5.6999998,3.75,,3.75,,3.533333301544189,6.0625,2.375,8.0625,,9.4375,,,,,8.600000381469727,,9.5,8.4375,1.2,9.6923075,6.5999999,.53846157,9.5,,8.3125,,7.071428775787354,,7.8571429,2.1333334,,,8.1428576,7.0714288,,,,,,,,,3.400000095367432,,2.6428571,,5.400000095367432,,1.333333373069763,2,,,4.2666669,6.8666668,3.5,4.4285712,2.5,8.7857141,,,,,,2025.1
2024,28,0,1,2809,SNS,96710,5.6,10,2023,1.899999976158142,1,,8.5,4.400000095367432,5.0999999,4.875,6.125,9.550000190734863,8.7777777,.91666669,2,2,4.9047618,2.2857144,5.3333335,3.666666746139526,,2.333333253860474,,4,6.647058963775635,,8.25,,,,7.5555553,9.6999998,9.7142859,8.818181991577148,,9.388889312744141,8.411765098571777,.875,9.375,5.625,,9.75,,9.428571701049805,,8.199999809265137,,7.7777777,4.7777777,8.8888893,5.7777777,8.875,7.8888888,,,,,,,,,4.333333492279053,,,,,,,1.714285731315613,,5.75,,6.625,2.6666667,7.8000002,2.5,,9,7.5714288,,,,2025.1
2002,28,0,0,2810,HZD,,3.3,0,2002,,9,0,4.23,3.91,,,,6,,,,5.54,5.6333337,2.3333333,,,,,,,,,,,,,,,,,,,,,,,,,,,,,,,,,,,,,,,,,,4.2,,4,4,,5,5.5,4,3,4.25,,,,,,,,,,,,,,2025.1
2006,28,0,1,2811,SF,,3.47,0,2006,3.25,3,0,5.46,6.58,,,,3.18,,,,5.77,5.5666671,2.73,,6.25,6.5,6.5,6.559999942779541,6,6.099999904632568,,3.730000019073486,5.400000095367432,2.599999904632568,6.25,,,,2.400000095367432,4.800000190734863,4.5,3.5,,4.2199998,,,3.3,5.4000001,3.890000104904175,3.880000114440918,2.200000047683716,3.779999971389771,,,,,,2.8599999,4.1300001,,,5.3800001,4,,4.33,,5.36,,,,5.6,,,4.89,4.5,,,,,,,,,,,,,2025.1
2010,28,0,1,2811,SF,,,0,2010,1.570000052452087,3,0,5.727272510528564,6,,,,2.75,,,,5.625,4.7619047,1.1666666,,5.625,5,6.285714149475098,5.714285850524902,5.625,5.375,,4,4.625,3.25,4.875,,,,3.625,4.25,3.599999904632568,3.111111164093018,,4.2857141,3.125,,,,3.75,4.375,3.25,5.285714149475098,5,2.8888888,,,,4.3333335,4,4.5999999,3.8571429,,,2.2857144,4.199999809265137,,5.714285850524902,,,,6.714285850524902,,,5.166666507720947,4,,,,,,,,,,,,,2025.1
2010,28,0,1,2812,SaS,96440,12.1,14.7,2010,4.710000038146973,3,1,6.785714149475098,8.357142448425293,,,,1.571428537368774,,,,4.533333301544189,5.5555558,1.6666666,,8.285714149475098,8.84615421295166,8.928571701049805,8.428571701049805,8.142857551574707,7.642857074737549,,3,6.142857074737549,2,6.5,,,,2.071428537368774,5.285714149475098,4.454545497894287,2.714285612106323,,4.5,2.6428571,,,,4.307692527770996,3.5,2.642857074737549,4.571428775787354,6.6923075,2.7857144,,,,3.6363637,3.7692308,4.7272725,3.4615386,,,1.2666667,3.900000095367432,,6.357142925262451,,,,5.846153736114502,,,4.636363506317139,3.299999952316284,,,,,,,,,,,,,2025.1
2014,28,0,1,2812,SaS,96440,5.9,7.3000002,2012,6.7,3,0,7.285714149475098,8.571428298950195,8.7142859,,,2.785714387893677,7.9285712,,,2.857142925262451,6.9285712,3.8181818,,8.857142448425293,,9.214285850524902,,8.357142448425293,,8.8571424,4.307692527770996,,2.214285612106323,,,,,1.714285731315613,,4.545454502105713,,,4.6666665,,,3.2142856,,4.5,,2.571428537368774,,6.4545455,,,,,3.4166667,,4.3636365,,,,2.0714285,3,,5.833333492279053,,1.8571428,,4.333333492279053,,,3.25,3.142857074737549,,,,,5.6428571,7.3571429,,,,5,13,8,2025.1
2019,28,0,1,2812,SaS,96440,12.1,14,2016,9.619999999999999,3,0,7,8.125,8.4375,2.1111112,1.5714285,3.1875,6.125,2.8571429,2.5555556,4.125,5.6875,4.5,3.8,8.0625,,8.375,,8.5,7.3125,8.9375,3.266666650772095,,3.75,,,,,2.400000095367432,,7.875,6.125,2.6666667,7.5384617,5.0666666,2.3333333,4.7333331,,4.571428775787354,,2.25,,7.2666669,3.8666666,,,2,4.4615383,,,,,,,,,5.875,,3,,4.066666603088379,,2.333333253860474,3.214285612106323,,,4.1333332,4.8000002,3.3846154,4,7.4000001,8.6428576,,,,,,2025.1
2024,28,0,1,2812,SaS,96440,6.3,11,2023,4.920000076293945,3,,6.777777671813965,8,8.3000002,3,1.5,2.200000047683716,7.3333335,2.1666667,2.1666667,5.333333492279053,5.9000001,3.3333333,3.5384614,7.800000190734863,,7.75,,7.647058963775635,6.588235378265381,,2.75,,,,3.7777777,2.5,2.8571429,1.454545497894287,,5.666666507720947,5.05555534362793,3.4000001,5.25,4.25,,3,,5,,1.600000023841858,,5.7777777,3.4444444,6.625,4.7777777,1.625,3.875,,,,,,,,,6.571428775787354,,,,,,,4.333333492279053,,1.25,,3.4285715,4,2.3,7.5,,4.3333335,1.7142857,,,,2025.1
2010,28,0,1,2813,Most,96955,8.1,9.3000002,2010,,2,1,6.07692289352417,6.285714149475098,,,,5.230769157409668,,,,5.866666793823242,6.8888888,3.090909,,5.428571224212646,5.461538314819336,6.307692527770996,4.785714149475098,5.785714149475098,4.846153736114502,,5.230769157409668,5.75,4.92307710647583,4.692307472229004,,,,5.571428775787354,5.307692527770996,5.300000190734863,4,,4.6363635,4.0833335,,,,1.142857193946838,9,5.384615421295166,5.545454502105713,5.6666665,2.4166667,,,,2.8333333,6.5833335,4.2727275,3,,,1.0714285,4.900000095367432,,5.75,,,,6.384615421295166,,,5.300000190734863,4,,,,,,,,,,,,,2025.1
2014,28,0,1,2813,MH,96955,6.9,8.6999998,2012,5.8,2,0,6.214285850524902,6.357142925262451,5.6428571,,,5.785714149475098,4.8571429,,,6.428571224212646,6.2857141,1.9090909,,6,,5.92307710647583,,5.785714149475098,,6.2857141,5.5,,5.615384578704834,,,,,4.769230842590332,,5.363636493682861,,,4.3636365,,,3.7857144,,1,,5.142857074737549,,6.3636365,,,,,2.1666667,,4.8000002,,,,1,5.25,,6,,5,,6.833333492279053,,,5.92307710647583,4.400000095367432,,,,,3.5,6.3571429,,,,7,2,11,2025.1
2019,28,0,1,2813,MH,96955,6.5,7.3000002,2016,2.59,2,1,5.199999809265137,5.75,5.0625,2.75,3.1428571,4.8125,5.0625,2.8571429,4.2222223,6.666666507720947,6.8125,1.5,1.4,5.071428775787354,,5.357142925262451,,5.133333206176758,4.9375,5.4666667,4.857142925262451,,5.3125,,,,,4.866666793823242,,4.866666793823242,4.866666793823242,2.6666667,3.3333333,3.4666667,2,3.2,,.375,,5.800000190734863,,4.6666665,4.0666666,,,3.8333333,2.3333333,,,,,,,,,5.733333110809326,,5.0714288,,6.133333206176758,,4.266666889190674,5.214285850524902,,,4,3.0666666,3.0833333,2.5999999,4.4666667,7.1428571,,,,,,2025.1
2014,28,0,1,2814,OLaNO,96620,8.6,10.7,2012,7.5,2,0,6.5,6.545454502105713,5.2142859,,,8.083333015441895,7.7857141,,,3,3.7857144,5.4444447,,6.833333492279053,,6.083333492279053,,5.666666507720947,,6.0999999,6.833333492279053,,7.92307710647583,,,,,7,,7.363636493682861,,,8.2222223,,,7.0769229,,6.5,,5.692307472229004,,5.7777777,,,,,4,,5.25,,,,1.7692307,4,,4.5,,2.9000001,,5.5,,,4.111111164093018,3.25,,,,,8.5,8.5,,,,1,3,17,2025.1
2019,28,0,1,2814,OLaNO,96620,11.03,12.7,2016,5.25,2,0,6.571428775787354,6,5.1875,4.625,4.7142859,6.785714149475098,6.375,5.7142859,4.125,4.75,4.5999999,5.3333335,5.4444447,4.785714149475098,,5.384615421295166,,5,4.9375,5.2666669,6.214285850524902,,7.0625,,,,,6.625,,7.5,5.733333110809326,3.3846154,7.6923075,5.0666666,2.75,6.5333333,,5.153846263885498,,4.846153736114502,,5.5454545,4,,,5.2142859,4.9166665,,,,,,,,,5.07692289352417,,3.6666667,,5.071428775787354,,2.461538553237915,3.666666746139526,,,3.4166667,5.1538463,8.4615383,8.3125,9.6875,9.2142859,,,,,,2025.1
2024,28,0,1,2814,OLaNO,96620,8.9,16,2023,1.990000009536743,2,,6.117647171020508,5.099999904632568,6.1578946,4.625,6.25,7.349999904632568,6.5294118,3.2,4,4.789473533630371,5.3333335,3,4.3636365,4.25,,4.199999809265137,,3.875,5.5,,5.25,,,,5.5,6.9000001,9.166667,7.545454502105713,,6.1875,4.411764621734619,3,6.8571429,4.1999998,,6.375,,4.333333492279053,,5.111111164093018,,5.5714288,2.7777777,5.625,3.5,5.8000002,5.75,,,,,,,,,5.666666507720947,,,,,,,3.857142925262451,,2.5,,3.625,7.5,7.1999998,8.25,,5.875,4.1428571,,,,2025.1
2014,28,0,1,2815,NOVA,,,,2012,6.8,2,0,7.071428775787354,7.07692289352417,6.0714288,,,7.07692289352417,6.5714288,,,4.285714149475098,5.0833335,2.5,,7.333333492279053,,7.461538314819336,,7,,7.5833335,7.230769157409668,,7.714285850524902,,,,,6.538461685180664,,6.699999809265137,,,7.3636365,,,5.3000002,,5.666666507720947,,4.5,,7.2857141,,,,,4.75,,4.125,,,,1.3076923,4.375,,5.272727489471436,,3.2727273,,5.545454502105713,,,4.800000190734863,4.125,,,,,5.5384617,8,,,,3,13,5,2025.1
2014,28,0,1,2816,Siet,,,,2012,,9,0,7.07692289352417,7.166666507720947,6.3846154,,,7.166666507720947,6.3076925,,,5.181818008422852,4.4545455,1.7777778,,6.909090995788574,,7.272727489471436,,6.900000095367432,,7,6.916666507720947,,7.666666507720947,,,,,6.384615421295166,,6,,,7,,,5.5,,6,,4.454545497894287,,6.75,,,,,4.25,,4.375,,,,1.1818181,4.625,,5.44444465637207,,4.125,,5.44444465637207,,,5.55555534362793,5.666666507720947,,,,,5.75,7.8461537,,,,3,13,1,2025.1
2019,28,0,1,2816,Siet,,5.61,6.6999998,2016,,9,0,5.75,7.75,6.3333335,2,2,4,6,3,3.5,6.142857074737549,7.25,1,1.5,7,,7.333333492279053,,5.666666507720947,5.666666507720947,7,4.5,,5.333333492279053,,,,,6,,6.333333492279053,4,4,4.5,2,3,4,,4.75,,2,,6.6666665,4.6666665,,,2,4,,,,,,,,,7,,5,,6.5,,3,5,,,4.25,2.3333333,5.6666665,2.3333333,4.5,8,,,,,,2025.1
2019,28,0,1,2817,LSNS,,8.039999999999999,9.3000002,2016,12.07,1,0,9.3125,3.9375,3.625,1.1428572,4.5,9.8125,9.5625,.85714287,1.8888888,1.3125,5.75,1,2.7,2.846153736114502,,2.285714387893677,,2.266666650772095,6.0625,1.6875,9.875,,10,,,,,9.25,,10,9.875,.25,9.9230766,7.0714288,.15384616,10,,9.875,,8,,7.9230771,1.4666667,,,9.0666666,8.083333,,,,,,,,,1.799999952316284,,1.2,,2.769230842590332,,1,1.333333373069763,,,4,8.25,6.4166665,9.25,6.6666665,9.1999998,,,,,,2025.1
2019,28,0,1,2818,Sme Rodina,,6.63,7.3000002,2016,3.23,1,0,7.133333206176758,4.857142925262451,4.9333334,3,6.8333335,8.4375,7.8125,2.2857144,2.6666667,3.133333444595337,4.2857141,4.1999998,4.5,3.25,,3.799999952316284,,2.857142925262451,6.375,2.9375,8.1875,,8.375,,,,,7.642857074737549,,9.1875,8.333333015441895,.78571427,9.166667,6.4666667,.53846157,8.375,,7.466666698455811,,5.833333492279053,,7.4166665,2.0714285,,,7.181818,6.5454545,,,,,,,,,3.642857074737549,,2.6153846,,4.615384578704834,,1.600000023841858,2.384615421295166,,,2.4545455,7.3333335,6.1538463,8.2666664,6.75,9.3076925,,,,,,2025.1
2019,28,0,1,2819,PS,,,,2016,10.06,3,0,3.8125,5,6.9375,1.75,2.5714285,1.5,8.25,2,1.6666666,6.866666793823242,8.625,2.8333333,.30000001,2.733333349227905,,5.133333206176758,,4.3125,5.9375,4,2.066666603088379,,.9375,,,,,1.375,,2.8125,4,1.8,2.2307692,4,1.3333334,1.125,,1.4375,,1.6875,,1.875,8.375,,,3,3.0769231,,,,,,,,,6.400000095367432,,5.8571429,,6.5,,5.285714149475098,6.357142925262451,,,5.5714288,.9375,3.0769231,3.375,8.4375,4.5,,,,,,2025.1
2024,28,0,1,2819,PS,,18,32,2023,27.81999969482422,3,,4.55555534362793,5.047618865966797,6.9000001,2.3,2.75,1.75,8.5,1.1666666,.66666669,6.952381134033203,9.1428576,.42857143,.30769232,3.900000095367432,,5,,4.529411792755127,5.6875,,1.75,,,,.33333334,.30000001,1.5714285,1.454545497894287,,2.411764621734619,4.833333492279053,1.1875,1.75,4.75,,1.25,,2.5,,1.100000023841858,,1.1111112,8.1111107,1.1111112,7.7777777,3.25,3.5,,,,,,,,,6.857142925262451,,,,,,,6.142857074737549,,.75,,1,3.875,1.6,7.75,,2.2222223,2,,,,2025.1
2019,28,0,1,2820,SPOLU,,,,2016,10.06,3,0,5.333333492279053,6.125,7.5625,1.75,1.8571428,3,7.0625,2.4285715,1.8888888,6.875,8.5625,3,.30000001,4.266666889190674,,5.800000190734863,,5.6875,5.6875,5.625,2.599999904632568,,2.375,,,,,2.375,,3.375,3.933333396911621,2.0666666,3,3.8666666,1.6666666,1.6875,,2.200000047683716,,2.1875,,2.75,7.625,,,2.5714285,2.9230769,,,,,,,,,6.400000095367432,,5.7857141,,6.307692527770996,,5.071428775787354,6.285714149475098,,,5.4285712,1.125,3.1538463,3.375,8.375,4.8333335,,,,,,2025.1
2019,28,0,1,2821,Za Ludi,,,,2016,,3,0,6,6.625,6.375,2.1428571,2.4285715,5,6.0625,2.4285715,3.6666667,6.533333301544189,7.2666669,2.6666667,.80000001,4.285714149475098,,5.866666793823242,,5.400000095367432,5.199999809265137,5.6875,3.533333301544189,,4.375,,,,,4.6875,,4.266666889190674,4.533333301544189,3.25,4,3.9333334,2.4166667,3.6875,,3.285714387893677,,3.733333349227905,,4.1666665,5.4666667,,,3.3076923,3.1538463,,,,,,,,,6.571428775787354,,5.3846154,,6.214285850524902,,4.692307472229004,5.692307472229004,,,5.3846154,1.8666667,3.2307692,3.7333333,8.4375,6.1666665,,,,,,2025.1
2024,28,0,1,2822,Aliancia,,4.39,0,2023,3.880000114440918,8,,7.071428775787354,5.166666507720947,5,4.5,5.4000001,7.875,6.3571429,2.625,3.2,3.78947377204895,5.4705882,2.25,4.5454545,5,,3,,4.909090995788574,5.272727489471436,,5.666666507720947,,,,6.5999999,8.25,7.1666665,6.44444465637207,,7.800000190734863,6.199999809265137,3,5.8666668,4.5384617,,7.5,,3,,7.599999904632568,,6.5714288,2.8571429,7.5,4.5,6.4285712,3,,,,,,,,,5.5,,,,,,,2.25,,4.6666698,,5.6666665,3.2,6.8000002,4.5,,7.4285712,4.8333335,,,,2025.1
2024,28,0,1,2823,Hlas,,14.7,27,2023,7.179999828338623,5,,4,3.571428537368774,6.75,2.5,5.125,6.099999904632568,5.7777777,4.2727275,5.1666665,4.714285850524902,6.5238094,2.4285715,4.6153846,3.299999952316284,,4.571428775787354,,3.588235378265381,7.058823585510254,,6,,,,5.375,6.3000002,5.8333335,4.636363506317139,,7.1875,5.55555534362793,2.3333333,7.3333335,4.75,,6,,5.5,,5.199999809265137,,5.375,3.4444444,6,4.625,7,5.375,,,,,,,,,5.714285850524902,,,,,,,3.166666746139526,,4.3333302,,3.375,4.75,5.625,3.6666667,,6.7777777,5.5714288,,,,2025.1
2024,28,0,1,2824,Republika,,4.75,0,2023,12.52999973297119,1,,9.111110687255859,5.052631378173828,4.7857141,1.8333334,5.1428571,9.842104911804199,9.2222223,.72727275,1.5,1.38095235824585,5.1904764,.5714286,3.6923077,4.125,,2.200000047683716,,4.400000095367432,6.769230842590332,,8.875,,,,8.2222223,10,9.8571424,8.818181991577148,,9.722222328186035,9.166666984558105,.40000001,9.6875,6.4375,,9.875,,9.714285850524902,,8,,8.333333,4.125,8.666667,5.2222223,8.875,8,,,,,,,,,3.666666746139526,,,,,,,1.142857193946838,,7.25,,8.25,3.4000001,9.5,4.5,,9.5,7.5714288,,,,2025.1
2002,29,0,0,2901,LDS,97421,36.3,37.799999,2000,,3,1,4.2,6.2,,,,3,,,,6.6,8.666666,2.6666667,,,,,,,,,,,,,,,,,,,,,,,,,,,,,,,,,,,,,,,,,,5,,5.5,6,,5.33,6,5.75,5.75,5.5,,,,,,,,,,,,,,2025.1
2006,29,0,1,2901,LDS,97421,22.8,25.6,2004,21.89999961853027,3,0,3.4,3.8,,,,2.8,,,,6.4,8,3.4000001,,4.199999809265137,6.199999809265137,4.800000190734863,6.400000095367432,4.400000095367432,6,,2.599999904632568,8,2,7.599999904632568,,,,2.200000047683716,6.599999904632568,3,4.800000190734863,,2.2,,,2.2,5.8000002,2,5.800000190734863,2.799999952316284,3.799999952316284,,,,,,4,4.25,,,4.5999999,4.1999998,,5.17,,5.2,,,,4.83,,,5.5,5,,,,,,,,,,,,,2025.1
2010,29,0,1,2901,LDS,97421,5.21,5.5999999,2008,11.5,3,1,4.75,5.833333492279053,,,,1.583333253860474,,,,6.545454502105713,7.8787875,2.4444444,,5.900000095367432,5.199999809265137,6.454545497894287,6.454545497894287,5.833333492279053,5.454545497894287,,2.75,6.416666507720947,1,7.166666507720947,,,,1.454545497894287,4.727272510528564,2.363636255264282,5.272727489471436,,1.8181819,4.2727275,,,,2.299999952316284,5.818181991577148,2.166666746139526,3.909090995788574,5,4,,,,4.5555553,4.25,4.818182,5.4000001,,,1,5.800000190734863,,6,,,,6.222222328186035,,,5.125,5.416666507720947,,,,,,,,,,,,,2025.1
2002,29,0,0,2902,SDS,97320,15.8,15.6,2000,,2,0,6.4,4.8,,,,5.8,,,,6.4,8,.88888884,,,,,,,,,,,,,,,,,,,,,,,,,,,,,,,,,,,,,,,,,,4.6,,4.75,5.25,,5,5.67,5.33,5,5.5,,,,,,,,,,,,,,2025.1
2006,29,0,1,2902,SDS,97330,29.1,32.200001,2004,17.70000076293945,2,1,7.4,6.4,,,,7.4,,,,6.4,8.666666,1,,5.599999904632568,5.400000095367432,6.199999809265137,5.400000095367432,6,7,,7.599999904632568,4.199999809265137,6.800000190734863,5.199999809265137,,,,6.199999809265137,4.800000190734863,7,4.800000190734863,,7,,,6.4000001,5.4000001,6.199999809265137,5.599999904632568,5,4.199999809265137,,,,,,2,5.75,,,7,6,,5.33,,5.2,,,,5.5,,,6,5.67,,,,,,,,,,,,,2025.1
2010,29,0,1,2902,SDS,97330,29.3,31.1,2008,26.64999961853027,2,0,6.916666507720947,5.916666507720947,,,,7.75,,,,5.818181991577148,6.6666665,1.6,,5.636363506317139,5.800000190734863,5.181818008422852,5.636363506317139,4.666666507720947,5.454545497894287,,7.083333492279053,4.75,7,5.666666507720947,,,,6.272727489471436,6.272727489471436,7.090909004211426,5.363636493682861,,6.909091,5,,,,7,5.454545497894287,6,5.5,6.4000001,3.5,,,,3.5555556,6.125,3.8181818,4.818182,,,1.4,5.400000095367432,,5.400000095367432,,,,5.888888835906982,,,5.142857074737549,3.909090995788574,,,,,,,,,,,,,2025.1
2014,29,0,1,2902,SDS,97330,20.7,23.299999,2014,24.8,2,0,8.692307472229004,8.615385055541992,6.0769229,,,8.384614944458008,7.2727275,,,6.384615421295166,7.5384617,1.7272727,,7.909090995788574,,8.666666984558105,,7,,7.7272725,7.400000095367432,,8.5,,,,,8.199999809265137,,7.800000190734863,,,8,,,8.1111107,,7.222222328186035,,7.125,,6.090909,,,,,5.1999998,,3,,,,1.0769231,6,,6.181818008422852,,5.5454545,,6.099999904632568,,,6.333333492279053,4,,,,,6.625,6.8888888,,,,3,1,5,2025.1
2019,29,0,1,2902,SDS,97330,24.92,28.4,2018,26.25,2,1,8.642857551574707,7.5,7.4666667,1.2857143,2.4285715,8.733333587646484,7.9333334,.75,1.8,5.133333206176758,6.8666668,2.125,4.5,7.733333110809326,,8.133333206176758,,7,6,7.3333335,8.571428298950195,,8.428571701049805,,,,,7.866666793823242,,9.600000381469727,9.333333015441895,1,9.4285717,8.0714283,.85714287,8.2666664,,7.866666793823242,,6.733333110809326,,7.3333335,3.7333333,,,4.1999998,3.0769231,,,,,,,,,5.933333396911621,,5,,6,,1.928571462631226,4.199999809265137,,,5.181818,7.5999999,5.3076925,7,6.4000001,9.333333,,,,,,2025.1
2024,29,0,1,2902,SDS,97330,23.48,27,2023,30.61000061035156,2,,8.5,8.058823585510254,6.6875,1.75,3.6666667,8.5625,6.6666665,1.5714285,3.75,5.058823585510254,5.875,2,3.6666667,8.428571701049805,,6.428571224212646,,7.230769157409668,5.92307710647583,,7.75,,,,8,9.4285717,8.666667,8.333333015441895,,9.125,8.9375,1.5,8.9285717,5.5384617,,9,,7.636363506317139,,8.100000381469727,,6.75,4.75,7.6666665,3.8333333,5.3333335,2.8333333,,,,,,,,,6.25,,,,,,,3,,2.5,,6.8333335,4.4000001,5.6666665,5.6666665,,6.75,7.5,,,,2025.1
2002,29,0,0,2903,ZLSD,97321,12.1,12.2,2000,,5,1,3.6,4.2,,,,3.8,,,,5.5,6.6666665,3.1111112,,,,,,,,,,,,,,,,,,,,,,,,,,,,,,,,,,,,,,,,,,3.6,,4,4.5,,4.67,5.33,5,5.25,4.5,,,,,,,,,,,,,,2025.1
2006,29,0,1,2903,ZLSD,97322,10.2,11.1,2004,14.19999980926514,5,0,3.6,3.4,,,,2.8,,,,6.2,8,1.6,,3.200000047683716,6.800000190734863,2.599999904632568,6,2.599999904632568,7.199999809265137,,3.200000047683716,7.800000190734863,2.599999904632568,7,,,,2.400000095367432,6,3.400000095367432,5,,3.4000001,,,2.4000001,6,2.400000095367432,6,3.599999904632568,4.599999904632568,,,,,,4.4000001,4.25,,,4.8000002,4.5999999,,6,,5.75,,,,6.4,,,6,5.33,,,,,,,,,,,,,2025.1
2010,29,0,1,2903,SD,97322,30.5,32.200001,2008,18.45000076293945,5,1,3.666666507720947,3.75,,,,2.5,,,,6.545454502105713,8.484848,2.5,,3.099999904632568,6.900000095367432,4,6.181818008422852,3.916666746139526,6.363636493682861,,4,5.416666507720947,2.333333253860474,5,,,,2,3.818181753158569,3,4.363636493682861,,2.5454545,2.909091,,,,2.636363744735718,4.181818008422852,2.75,3.416666746139526,4.1999998,4,,,,4.625,3.875,3.8181818,5.909091,,,1,6,,5.400000095367432,,,,6.55555534362793,,,6.25,5.75,,,,,,,,,,,,,2025.1
2014,29,0,1,2903,SD,97322,6,6.6999998,2014,8.1,5,1,3.153846263885498,3.416666746139526,6.1538463,,,3.538461446762085,5.5,,,5.846153736114502,6.3076925,3.1818182,,3.181818246841431,,3.555555582046509,,3.181818246841431,,3.9000001,4.090909004211426,,2.75,,,,,1.899999976158142,,3.333333253860474,,,2.375,,,2.875,,2.666666746139526,,4.111111164093018,,3.7272727,,,,,4.5999999,,4.8333335,,,,1.3846154,5.599999904632568,,5.272727489471436,,3.6363637,,6,,,5.44444465637207,5.333333492279053,,,,,4.1428571,7.3333335,,,,14,13,3,2025.1
2019,29,0,1,2903,SD,97322,9.93,11.4,2018,18.66,5,0,2.571428537368774,3.071428537368774,6.0714288,2,3.2857144,2.533333301544189,6.8000002,2,3.2,6.466666698455811,7.9333334,2.25,2.8333333,2.666666746139526,,2.599999904632568,,2.714285612106323,7.214285850524902,3.2666667,2.428571462631226,,1.571428537368774,,,,,1.666666626930237,,3.533333301544189,5.800000190734863,2.3571429,3.1428571,5.5714288,2.5714285,2.3333333,,2.200000047683716,,3.666666746139526,,3.8,6.8666668,,,6.3333335,4.3846154,,,,,,,,,5.266666889190674,,4.3571429,,5.785714149475098,,5.357142925262451,5,,,3.090909,2.6923077,5,3,5.8666668,6,,,,,,2025.1
2024,29,0,1,2903,SD,97322,6.69,7,2023,7.769999980926514,5,,3.071428537368774,2.823529481887817,6.75,4.25,3,2.599999904632568,6.2666669,2.5714285,2.125,6.294117450714111,6.5,3.5714285,2.3333333,2.428571462631226,,3.857142925262451,,2.923076868057251,6.846153736114502,,3.5,,,,3.25,2.1428571,1.8571428,1.666666626930237,,3.5,5.625,2.8666666,3.2857144,5.4285712,,2.5,,2.363636255264282,,3.5,,3.125,6.875,3.1666667,6.5,5.5,4.5,,,,,,,,,5.75,,,,,,,5.333333492279053,,5.5,,2.2,3.8,3.1111112,6,,2.875,3.8333333,,,,2025.1
2002,29,0,0,2904,SLS-SKD,97620,9.6,10,2000,,4,1,6.8,5,,,,7.2,,,,4.8,6,3.5555553,,,,,,,,,,,,,,,,,,,,,,,,,,,,,,,,,,,,,,,,,,3.6,,2.5,4.67,,5.75,4.67,4.5,4.75,4.25,,,,,,,,,,,,,,2025.1
2006,29,0,1,2904,SLS,97521,6.8,7.8000002,2004,8.399999618530273,4,1,6.4,5,,,,8,,,,5,4.666667,3.2,,4.199999809265137,4.599999904632568,4.599999904632568,5.400000095367432,4,6.400000095367432,,7,3.599999904632568,7.199999809265137,5.199999809265137,,,,6.800000190734863,5.400000095367432,6.199999809265137,5.800000190734863,,6.5999999,,,8,6.1999998,5.400000095367432,6,7.199999809265137,8,,,,,,2.4000001,6.75,,,4.8000002,3.8,,4.8,,4.25,,,,5.6,,,4.5,4.67,,,,,,,,,,,,,2025.1
2010,29,0,1,2904,SLS-SMS,97521,5.2,5.5999999,2008,3.589999914169312,4,0,6.833333492279053,5.300000190734863,,,,7.833333015441895,,,,4.727272510528564,4.848485,2.1111112,,4.375,5.875,4.125,4.25,4.636363506317139,5.888888835906982,,7,4,8.083333015441895,6.333333492279053,,,,7.818181991577148,7.545454502105713,7,5.333333492279053,,6.7272725,5.3000002,,,,6.699999809265137,5.44444465637207,7.916666507720947,8.166666984558105,4.6666665,3.7,,,,2.625,7.125,5.7142859,4.3333335,,,1.8181819,4.5,,4.625,,,,5.75,,,4.142857074737549,3.555555582046509,,,,,,,,,,,,,2025.1
2014,29,0,1,2904,SLS,97521,4,0,2014,8.300000000000001,4,0,6.461538314819336,6.307692527770996,5.7692308,,,7.07692289352417,5.5454545,,,6.07692289352417,6.7692308,2.4545455,,6.099999904632568,,6.625,,5.699999809265137,,6,6,,7.25,,,,,7,,6.44444465637207,,,7.125,,,7,,5.625,,8.222222328186035,,4.8000002,,,,,4.181818,,3,,,,1.3846154,5.699999809265137,,5.545454502105713,,4.818182,,6.099999904632568,,,5.666666507720947,3.666666746139526,,,,,5,6.875,,,,18,4,3,2025.1
2002,29,0,0,2905,NSI,97522,8.6,8.8999996,2000,,4,0,7,4.8,,,,7.8,,,,6,8.666666,1.3333334,,,,,,,,,,,,,,,,,,,,,,,,,,,,,,,,,,,,,,,,,,4.6,,4,4.75,,5,5.33,5,4.75,4.5,,,,,,,,,,,,,,2025.1
2006,29,0,1,2905,NSI,97522,9,10,2004,23.60000038146973,4,1,8.4,6.8,,,,8.800000000000001,,,,6.25,6.6666665,1.6,,6.800000190734863,4.599999904632568,6,6,6.800000190734863,6.400000095367432,,8.199999809265137,4.199999809265137,8.399999618530273,5.599999904632568,,,,8,7.599999904632568,7,4.599999904632568,,7.1999998,,,7.5999999,5.5999999,5.400000095367432,5.199999809265137,5.400000095367432,6,,,,,,3.8,5.75,,,6,4.5999999,,6,,5.75,,,,6.2,,,5.25,5,,,,,,,,,,,,,2025.1
2010,29,0,1,2905,NSI,97522,3.4,0,2008,16.53000068664551,4,0,7.818181991577148,6.333333492279053,,,,9.333333015441895,,,,4.900000095367432,5.454546,1.5555556,,5.375,5.625,5,5.333333492279053,5.636363506317139,6.55555534362793,,7.599999904632568,4.599999904632568,9.166666984558105,8.25,,,,8.818181991577148,8.454545021057129,7.5,6.099999904632568,,7.6363635,5.5555553,,,,7.222222328186035,5.875,7.909090995788574,7.454545497894287,5.7777777,3.3,,,,3,6.125,5,4.7777777,,,1.7272727,5.777777671813965,,5.44444465637207,,,,6.285714149475098,,,4.857142925262451,3.444444417953491,,,,,,,,,,,,,2025.1
2014,29,0,1,2905,NSI,97522,5.6,5.5999999,2014,8.300000000000001,4,0,7.846153736114502,8.076923370361328,6.8461537,,,8.307692527770996,7.5454545,,,6.461538314819336,7.2307692,2.3636363,,7.818181991577148,,8.333333015441895,,7.099999904632568,,8.090909,6.727272510528564,,8.916666984558105,,,,,8.699999809265137,,7.44444465637207,,,8.2222223,,,7.625,,6.222222328186035,,8,,6.0999999,,,,,4.5,,2.6666667,,,,1.0769231,5.800000190734863,,5.636363506317139,,5.2727275,,6.099999904632568,,,5.888888835906982,4,,,,,5.875,7.5555553,,,,33,15,3,2025.1
2019,29,0,1,2905,NSI,97522,7.16,8,2018,11.12,4,1,7.5,7.357142925262451,7.3333335,1.8571428,2.5714285,8,7.8000002,3.25,2.2,6,7.1999998,2.125,4,7.466666698455811,,7.866666793823242,,6.071428775787354,6.428571224212646,7,7.307692527770996,,8.071428298950195,,,,,8.533333778381348,,8.199999809265137,7.666666507720947,2.2307692,8,7.0714288,1.7857143,7,,6.5,,7.133333206176758,,6.8571429,4.9333334,,,4.1333332,2.9230769,,,,,,,,,6.266666889190674,,5.5,,6,,3,5,,,4.5454545,6.2307692,4.6923075,4.5999999,6.1333332,6.8666668,,,,,,2025.1
2024,29,0,1,2905,NSi,97522,6.86,8,2023,7.590000152587891,4,,7.428571224212646,7.588235378265381,6.8125,2.25,4.0833335,7.875,6.8000002,2.2857144,4.125,6.199999809265137,6.25,2.5714285,2.7777777,8.666666984558105,,7.142857074737549,,7.07692289352417,6.230769157409668,,6.5,,,,7.75,8.5714283,8.8571424,8,,7.9375,7.75,2.3333333,8.1428576,5.3846154,,8,,7.090909004211426,,8.300000190734863,,6,5.25,6.6666665,4.1666665,5.1666665,3.5,,,,,,,,,5.75,,,,,,,4.833333492279053,,2.5,,6.3333335,3.8,5.3333335,6.3333335,,5.75,4.3333335,,,,2025.1
2002,29,0,0,2906,DeSUS,97951,5.2,4.4000001,2000,,9,1,3.4,3.4,,,,5.8,,,,5,6,2.4444444,,,,,,,,,,,,,,,,,,,,,,,,,,,,,,,,,,,,,,,,,,2.5,,3,4,,5,4.33,4,4.67,2.75,,,,,,,,,,,,,,2025.1
2006,29,0,1,2906,DeSUS,97951,4,4.4000001,2004,,9,1,3.2,2.6,,,,4.5,,,,5.4,5.333333,2,,2.799999952316284,5.599999904632568,3.200000047683716,5.199999809265137,3,6.800000190734863,,4.800000190734863,4.599999904632568,4.400000095367432,4.599999904632568,,,,3,3.400000095367432,4.599999904632568,4,,4,,,5,3.8,4,4.199999809265137,5.199999809265137,3.599999904632568,,,,,,4.4000001,4.75,,,3.8,3.8,,5.2,,4.5,,,,5.4,,,4.75,3.67,,,,,,,,,,,,,2025.1
2010,29,0,1,2906,DeSUS,97951,7.5,7.8000002,2008,7.190000057220459,9,1,4.25,3.333333492279053,,,,5.166666507720947,,,,4.900000095367432,3.3333333,1.75,,2.400000095367432,7.199999809265137,3.363636255264282,4.909090995788574,3.583333253860474,7.272727489471436,,5.727272510528564,4.800000190734863,5.166666507720947,3.25,,,,3.799999952316284,4,4.5,3.888888835906982,,4.875,3.5454545,,,,4.857142925262451,3.222222328186035,4.909090995788574,3.727272748947144,5.2222223,3.0999999,,,,4.875,3,5.4545455,3.5,,,1.8181819,5,,4.333333492279053,,,,5.375,,,4.571428775787354,4,,,,,,,,,,,,,2025.1
2014,29,0,1,2906,DeSUS,97951,10.2,11.1,2014,8.1,9,1,4.153846263885498,4,5.5384617,,,5.307692527770996,4,,,5.769230842590332,5.5384617,2.5,,3.363636255264282,,4.111111164093018,,4.55555534362793,,4.2727275,5.300000190734863,,5.099999904632568,,,,,3,,4.5,,,4.25,,,4.75,,4.75,,5.222222328186035,,4.9000001,,,,,4.7777777,,4.3333335,,,,1.5833334,5.300000190734863,,5.300000190734863,,4.090909,,6.099999904632568,,,5.55555534362793,4.666666507720947,,,,,4.5,6.3333335,,,,14,13,8,2025.1
2019,29,0,1,2906,DeSUS,97951,4.93,5.6999998,2018,5.67,9,1,3.769230842590332,3.285714387893677,4.6666665,2.5714285,4.7142859,5.066666603088379,4.8666668,4.125,5.5999999,5.533333301544189,5.5999999,3.125,4.8333335,2.533333301544189,,3.384615421295166,,2.785714387893677,7.071428775787354,3.1333334,4,,4.285714149475098,,,,,3.666666746139526,,5.333333492279053,4,3.8181818,4.8333335,4,3.3,4.5714288,,4.142857074737549,,4.933333396911621,,5.1666665,4.1428571,,,6.4000001,4.4545455,,,,,,,,,4.866666793823242,,4.2142859,,5.75,,4.384615421295166,4.642857074737549,,,4.2727275,3.2307692,4.25,3.4666667,5,6.5999999,,,,,,2025.1
2002,29,0,0,2907,SNS,97710,4.4,4.4000001,2000,,1,0,3.6,4.2,,,,5.6,,,,2.4,2.6666665,2.6666667,,,,,,,,,,,,,,,,,,,,,,,,,,,,,,,,,,,,,,,,,,1.6,,1.6,2.4,,2.33,2.33,3,2,2.25,,,,,,,,,,,,,,2025.1
2006,29,0,1,2907,SNS,97710,6.3,6.6999998,2004,5,1,0,6,4.2,,,,6.8,,,,2.6,3.3333333,1,,4.199999809265137,4,3.599999904632568,4,4.400000095367432,5,,9.199999809265137,4.400000095367432,8.600000381469727,7.400000095367432,,,,1,6.800000190734863,9,7,,7,,,9.8000002,6.5999999,9,7.199999809265137,5.199999809265137,3.799999952316284,,,,,,4.5999999,4.5,,,3,5.1999998,,2.6,,2.5,,,,4.2,,,2.25,1.67,,,,,,,,,,,,,2025.1
2010,29,0,1,2907,SNS,97710,5.4,5.5999999,2008,2.859999895095825,1,0,8,6,,,,8.5,,,,3,4,1.7,,6.125,3.444444417953491,4.777777671813965,3.555555582046509,5.272727489471436,4.599999904632568,,7.909090995788574,5.363636493682861,9.25,7.5,,,,1.727272748947144,5.363636493682861,9.272727012634277,9,,8.818182,8.545455,,,,8.909090995788574,8.454545021057129,5,3.666666746139526,5.625,2.5555556,,,,5.5714288,2.75,7.2222223,4.8000002,,,2.8181818,3.333333253860474,,3.444444417953491,,,,4,,,2.25,2.416666746139526,,,,,,,,,,,,,2025.1
2019,29,0,1,2907,SNS,97710,4.17,4.5,2018,4.01,1,0,8.714285850524902,6.307692527770996,4.0714288,1.5714285,6.3333335,8.466666221618652,7.6666665,2.125,1.4,2.666666746139526,3.1333334,1.875,4,6.5,,5.846153736114502,,6.833333492279053,5.714285850524902,5.4615383,8.769230842590332,,8.84615421295166,,,,,4.400000095367432,,9.600000381469727,9.466666221618652,.64285713,9.5,8.1428576,.71428573,9.2666664,,8.933333396911621,,5.714285850524902,,7.1666665,3,,,7.8571429,5.9230771,,,,,,,,,3.307692289352417,,3,,4.5,,1.571428537368774,2.071428537368774,,,3.3636363,8.0666666,5.8333335,7.8000002,6.4285712,9.1999998,,,,,,2025.1
2002,29,0,0,2908,SMS,97952,4.3,4.4000001,2000,,9,0,4.4,4,,,,3.2,,,,5.2,5.333333,2.2222223,,,,,,,,,,,,,,,,,,,,,,,,,,,,,,,,,,,,,,,,,,3.25,,3.5,4.25,,4,4.67,5,5,5,,,,,,,,,,,,,,2025.1
2006,29,0,1,2909,AS,,3,0,2004,,7,0,4.6,3.8,,,,2.6,,,,5.4,4,1.33,,3.200000047683716,5.199999809265137,3.799999952316284,4.599999904632568,3,6.400000095367432,,3,6.400000095367432,2.599999904632568,7.199999809265137,,,,2.400000095367432,4,4.199999809265137,5.199999809265137,,3.5999999,,,3.5999999,5.4000001,3.599999904632568,5.800000190734863,4,4,,,,,,4,5,,,3.2,5,,5.4,,4.75,,,,5.4,,,4.25,4,,,,,,,,,,,,,2025.1
2010,29,0,1,2910,Zares,97440,9.4,10,2008,9.770000457763672,3,1,3.916666507720947,4.583333492279053,,,,1.75,,,,6.363636493682861,7.2727275,2.3,,4.599999904632568,6.199999809265137,5.545454502105713,6.363636493682861,4.333333492279053,5.909090995788574,,2.833333253860474,5.416666507720947,.9166666865348816,6.833333492279053,,,,1.363636374473572,4.727272510528564,2.909090995788574,4.909090995788574,,2.090909,3.5,,,,2.090909004211426,5.090909004211426,2.25,3.666666746139526,4.5,4.6999998,,,,5,3.5,5,6.090909,,,1,5.699999809265137,,5.599999904632568,,,,6.111111164093018,,,5.375,5.416666507720947,,,,,,,,,,,,,2025.1
2014,29,0,1,2911,SMC,,34.5,40,2014,,3,.5,5.25,5.384615421295166,6.3846154,,,4.384615421295166,4.818182,,,6.416666507720947,6.1538463,2.0999999,,5,,5.888888835906982,,5.300000190734863,,5.6363635,4,,4.666666507720947,,,,,3.799999952316284,,3.5,,,3.625,,,3.7142856,,3.888888835906982,,4.222222328186035,,4.5999999,,,,,5.25,,4.4000001,,,,1.1666666,5.888888835906982,,6,,4.818182,,6.300000190734863,,,6.222222328186035,4.833333492279053,,,,,4.7142859,8.666667,,,,3,2,1,2025.1
2019,29,0,1,2911,SMC,,9.75,11.4,2018,1.62,3,1,4.785714149475098,5.142857074737549,6.3333335,3.7142856,4.8571429,4.066666603088379,5.5999999,4.625,4.5999999,6.533333301544189,7.4285712,2.25,4,4.800000190734863,,5.214285850524902,,4.5,5.5,5.3571429,4.214285850524902,,3.5,,,,,4.333333492279053,,5.733333110809326,5.133333206176758,4.4285712,5.1428571,4.7142859,4.2142859,3.6666667,,3.733333349227905,,3.400000095367432,,5.1333332,5.5333333,,,4.5333333,4.8333335,,,,,,,,,5.866666793823242,,4.8571429,,5.785714149475098,,4.785714149475098,5.133333206176758,,,3.3636363,3.2307692,4.3076925,3,5.1333332,6.5333333,,,,,,2025.1
2014,29,0,1,2912,ZL,,6,6.6999998,2014,5.5,5,0,1,.6666666865348816,6.6153846,,,1.307692289352417,7.3636365,,,3.692307710647583,4.5384617,1.2222222,,1.899999976158142,,1.666666626930237,,.3636363744735718,,1.3,1.909090876579285,,1.166666626930237,,,,,.4545454680919647,,1.222222208976746,,,.875,,,1,,.6666666865348816,,2.888888835906982,,1.4545455,,,,,3.1111112,,6.7142859,,,,2.7272727,5,,3.727272748947144,,1.7272727,,5.599999904632568,,,4.111111164093018,5,,,,,6.75,8.666667,,,,13,14,2,2025.1
2019,29,0,1,2912,Levica,,9.33,10.2,2018,6.43,5,0,.7142857313156128,.7142857313156128,5.9333334,1.7142857,1.5714285,1,7.8000002,1.5,2.2,4.133333206176758,5.2666669,3.2857144,2.8333333,1.533333301544189,,1.200000047683716,,1.142857193946838,8.692307472229004,1.2142857,1,,.5,,,,,.6666666865348816,,1,7.533333301544189,1,1,6.4285712,1,.86666667,,1.266666650772095,,1.933333277702332,,1.9333333,8.2142859,,,7.4000001,4.3333335,,,,,,,,,3.333333253860474,,2.4285715,,5.307692527770996,,5.357142925262451,2.933333396911621,,,3.2727273,2.0769231,7.1538463,7,7.8000002,4.5714288,,,,,,2025.1
2024,29,0,1,2912,Levica,,4.46,5,2023,4.809999942779541,5,,1.214285731315613,.8823529481887817,6.5,3.25,1.5,1.5625,7.0666666,3.1428571,1.625,4.470588207244873,5.0625,4.5714288,3.6666667,1.857142806053162,,2.285714387893677,,.8461538553237915,8.076923370361328,,2.75,,,,2.75,.71428573,.85714287,1.333333373069763,,1.3125,6.5625,1.1333333,1.2142857,7.2142859,,.5,,1.181818127632141,,2.099999904632568,,2.2857144,7.875,1.5,7,6.1666665,5.1999998,,,,,,,,,3.25,,,,,,,4.333333492279053,,8.5,,1.6666666,5.4000001,5.5555553,8.666667,,2.125,3,,,,2025.1
2014,29,0,1,2913,ZaAB,,4.4,4.4000001,2014,,9,0,4.153846263885498,4.692307472229004,7,,,3.333333253860474,5.2727275,,,6.583333492279053,7.2307692,2.5454545,,5.5,,5.875,,4.800000190734863,,4.5,4,,3.200000047683716,,,,,2.555555582046509,,2.777777671813965,,,2.75,,,3.375,,3.25,,3.555555582046509,,4.5999999,,,,,5.1111112,,5.1666665,,,,1.0769231,6.300000190734863,,6,,4.5454545,,6.300000190734863,,,6.111111164093018,5.333333492279053,,,,,4.25,6.875,,,,17,3,8,2025.1
2019,29,0,1,2913,AB,,5.11,5.6999998,2018,4.02,9,0,4.214285850524902,4.357142925262451,6,2.5714285,5,3.333333253860474,5.5333333,3.25,3.4000001,6.357142925262451,6.8000002,2.2857144,4.3333335,4.066666603088379,,4.800000190734863,,3.5,6.642857074737549,4.5333333,3.384615421295166,,2.785714387893677,,,,,2.666666746139526,,4.333333492279053,5.133333206176758,3.1666667,4.1428571,4.0714288,3.1666667,3.3333333,,3.5,,3.933333396911621,,4.8000002,5.8571429,,,5.0666666,4.5,,,,,,,,,5.666666507720947,,4.8571429,,6.25,,4.769230842590332,5.071428775787354,,,3.2,2.6153846,4.5833335,3.4000001,5.8666668,7.4000001,,,,,,2025.1
2014,29,0,1,2914,PS,97340,3,0,2014,6.6,5,.5,3.384615421295166,4.153846263885498,6.6923075,,,3.461538553237915,5.2727275,,,6.07692289352417,6.1538463,3,,4.800000190734863,,5.222222328186035,,4.727272510528564,,4.4545455,4.090909004211426,,3.583333253860474,,,,,2.5,,2.777777671813965,,,2.875,,,2.75,,2.875,,3.222222328186035,,4.7272725,,,,,5.1111112,,5.8333335,,,,1.5,5.44444465637207,,5.454545497894287,,3.8181818,,5.900000095367432,,,5.333333492279053,4.833333492279053,,,,,4.625,6.4444447,,,,42,29,5,2025.1
2019,29,0,1,2915,LMS,,12.6,14.8,2018,15.44,3,0,4.357142925262451,4.642857074737549,6.1333332,3.6666667,5.4285712,4.642857074737549,5.1999998,4,4.8000002,6,6.8666668,2.6666667,4,4.199999809265137,,4.933333396911621,,4.214285850524902,5.642857074737549,4.9333334,4.142857074737549,,3.642857074737549,,,,,3.799999952316284,,5.199999809265137,5,3.4545455,5,4.4285712,3.3,3.9333334,,4.07692289352417,,4.866666793823242,,4.9285712,5.1333332,,,4.7142859,4.5833335,,,,,,,,,5.533333301544189,,4.6923075,,5.785714149475098,,4.666666507720947,4.733333110809326,,,3,3,4,4.4000001,6.5999999,7.4000001,,,,,,2025.1
2024,29,0,1,2916,GS,,34.45,41,2023,22.1299991607666,3,,3.769230842590332,3.375,6.125,4.5,4.3636365,3.142857074737549,6.6428571,2.5,3.5714285,6.117647171020508,6.375,3.1666667,3.3333333,2.571428537368774,,3.666666746139526,,4,5.833333492279053,,3.75,,,,3.75,2.1666667,1.8571428,2,,3.866666555404663,5.666666507720947,3.2857144,3.3076923,5.4615383,,2.75,,2.400000095367432,,3.333333253860474,,3.7142856,6.2857141,2.6666667,6.3333335,5.1666665,5.5999999,,,,,,,,,6.666666507720947,,,,,,,5.5,,4,,2.3333333,3.4000001,2.875,7,,2.6666667,3.5,,,,2025.1
2024,29,0,1,2917,Vesna,,1.35,0,2023,10.53999996185303,7,,3.642857074737549,3.266666650772095,5.9230771,2.6666667,3.5555556,2.625,6,2.75,2.7142856,5.857142925262451,5.9285712,1.75,3.625,2.666666746139526,,4.599999904632568,,3.299999952316284,5.199999809265137,,3,,,,4.5,3,2,2,,4.181818008422852,5.071428775787354,3.3333333,3.7272727,5.7272725,,2.5,,2.555555582046509,,4.666666507720947,,1.875,8.75,.5,9.5,6.3333335,4.5,,,,,,,,,4.333333492279053,,,,,,,4,,5,,2,5.75,3.25,6.3333335,,3,3.5,,,,2025.1
2024,29,0,1,2918,Resni.ca,,2.86,0,2023,3.970000028610229,1,,8.083333015441895,7.699999809265137,4.7272725,.5,5.2857141,8.384614944458008,5.3636365,3,7.75,2.933333396911621,4.25,2.5,4.7142859,6.75,,9,,6.375,3.25,,8,,,,6.5,9.5,8.1999998,2,,8.15384578704834,7.727272510528564,1.5,8.333333,5.1428571,,7.6666665,,8.428571701049805,,6,,5,3.5,8.333333,2,6.4000001,5.6666665,,,,,,,,,2,,,,,,,1.5,,2.5,,6.5,6,8.75,8.5,,7.1666665,8,,,,2025.1
2024,29,0,1,2919,SLS,,3.41,0,2023,7.210000038146973,4,,7.92307710647583,6.866666793823242,5.5833335,3.3333333,5.4000001,7.5,6.6666665,3,6.3333335,5.0625,5.1333332,4.4000001,4.2222223,8,,6,,6.818181991577148,5.454545497894287,,7.333333492279053,,,,6.75,9.1999998,8.5714283,8,,8.133333206176758,7.466666698455811,3,8.363636,5,,8.5,,7.545454502105713,,9.399999618530273,,5.4285712,5.2857141,6.8000002,4.25,6.5,3.1666667,,,,,,,,,5.75,,,,,,,2.666666746139526,,3.5,,6.3333335,4,5,5.6666665,,6.125,5.75,,,,2025.1
2014,31,0,1,3101,HDZ,81711,21.9,27.200001,2011,27.6,4,0,7.333333492279053,5.333333492279053,6.625,,,8.25,8.2222223,,,6.222222328186035,7.6666665,1.5555556,,6.55555534362793,,6.44444465637207,,5.5,,5.3333335,7,,8.111110687255859,,,,,8.44444465637207,,7.142857074737549,,,7.8000002,,,8.1111107,,6.777777671813965,,6.571428775787354,,6.5555553,,,,,6.625,,2.125,,,,1.5555556,5.833333492279053,,6.125,,4.375,,6.875,,,6.125,3.799999952316284,,,,,2.7777777,4.7777777,,,,12,13,15,2025.1
2019,31,0,1,3101,HDZ,81711,34.59,41.5,2016,22.72,4,1,6.875,4.833333492279053,7.4166665,4.0999999,4.3846154,7.125,7.5,6.6111112,4.8333335,6.666666507720947,9.041667,3.125,1.9375,5.130434989929199,,4.695652008056641,,4.545454502105713,5.909090995788574,4,6.5652174949646,,6.833333492279053,,,,,7.541666507720947,,7.695652008056641,5.541666507720947,2.652174,7.7142859,4.0476189,3.45,7.5833335,,6.083333492279053,,6.045454502105713,,6.409091,3,,,5.5652175,7,,,,,,,,,5.91304349899292,,5.2173915,,6.636363506317139,,4.318181991577148,5.08695650100708,,,1.9523809,1.5,1.8333334,1.125,3.25,8.375,,,,,,2025.1
2024,31,0,1,3101,HDZ,81711,34.42,61,2024,35.13000106811523,4,,6.44444465637207,4.599999904632568,6.7777777,2.375,4.4545455,6.411764621734619,5.647059,4.5,5.5,6.800000190734863,8.7368422,2.5454545,1.2222222,4.625,,5.55555534362793,,4.470588207244873,5.058823585510254,,6,,,,5.4285712,6.4444447,6.25,6.857142925262451,,5.352941036224365,4.882352828979492,4.2666669,6.25,3.6470587,,5.8000002,,4.599999904632568,,6.272727489471436,,4.125,3.4444444,4.625,4.125,4.8000002,7,,,,,,,,,5.800000190734863,,,,,,,4.333333492279053,,1.8333334,,2,1.6666666,1.5454545,4.375,,6.3333335,5,,,,2025.1
2014,31,0,1,3102,SDP,81223,31.3,40.400002,2011,15,5,1,3.555555582046509,4.777777671813965,7.375,,,2.25,7.4444447,,,6.55555534362793,8.7777777,1.2222222,,5,,5.666666507720947,,4.25,,4.3333335,3,,2,,,,,2.111111164093018,,3.714285612106323,,,3.2,,,2.2222223,,2.222222328186035,,2.285714387893677,,5.5555553,,,,,4.625,,3.375,,,,1,6.166666507720947,,6.25,,5,,6.875,,,6.25,5.400000095367432,,,,,1.7777778,6.3333335,,,,13,8,14,2025.1
2019,31,0,1,3102,SDP,81223,23.26,26.5,2016,18.71,5,0,3.416666746139526,3.833333253860474,7.375,4,4.1538463,2.291666746139526,7.9583335,1.8333334,3,6.625,7.75,1.625,1.25,3.52173924446106,,3.73913049697876,,3.545454502105713,6.818181991577148,3.3043478,3.73913049697876,,1.73913037776947,,,,,1.583333373069763,,4.52173900604248,4.625,2.6190476,4,3.7619047,2.45,2.7083333,,2.5,,3.363636255264282,,5.090909,4.409091,,,5.521739,4.9565215,,,,,,,,,5.91304349899292,,5.0869565,,6.61904764175415,,4.863636493682861,5.454545497894287,,,1.8,.91666669,2.375,1.5416666,6.0833335,7.7916665,,,,,,2025.1
2024,31,0,1,3102,SDP,81223,24.2,42,2024,24.39999961853027,5,,3.666666746139526,3.599999904632568,6.4444447,2.625,3.3636363,3.235294103622437,6.5294118,2.5,3.75,6.550000190734863,7.2631578,2.3636363,1.4444444,3.375,,4,,3.117647171020508,5.941176414489746,,3.5,,,,2,2.3333333,2.25,2.428571462631226,,4.176470756530762,4.941176414489746,2.5333333,4.6875,3.7647059,,3.4000001,,3.200000047683716,,3.363636255264282,,3.25,3.8888888,3.625,4.625,4.4000001,3.5999999,,,,,,,,,5.400000095367432,,,,,,,4.166666507720947,,4.6666665,,2,3.3333333,2.7272727,7.875,,3.4444444,2.2857144,,,,2025.1
2014,31,0,1,3103,HSS,81810,.6,.69999999,2011,6.9,11,0,7.111111164093018,3.875,6.375,,,8.75,7,,,5,6.2222223,1.6666666,,5.125,,4.125,,4,,3.625,7.125,,8.888889312744141,,,,,9.333333015441895,,8,,,8.3999996,,,8.2222223,,7.44444465637207,,9.44444465637207,,4.4444447,,,,,4.5714288,,4.4000001,,,,1.7142857,4.5,,4.166666507720947,,3.4285715,,6,,,5.199999809265137,3.75,,,,,3.8571429,4.5714288,,,,18,15,44,2025.1
2019,31,0,1,3103,HSS,81810,2.98,3.4000001,2016,,11,0,4.666666507720947,3.545454502105713,6.1363635,4,4.5454545,4.666666507720947,6.5416665,6.0588236,4.8333335,6.38095235824585,6.3000002,2.5,2.4000001,4.238095283508301,,3.75,,3.428571462631226,6.105263233184814,3.6666667,4.349999904632568,,3.952380895614624,,,,,4.142857074737549,,5.473684310913086,3.315789461135864,3.1176472,5.2666669,2.4375,2.8,4.3636365,,3.863636255264282,,7.863636493682861,,3.6842105,5.3333335,,,7.409091,3.7,,,,,,,,,4.523809432983398,,4.6500001,,6.523809432983398,,4.533333301544189,4.388888835906982,,,1.0555556,.72727275,3.1363637,3.173913,5.4545455,8.545455,,,,,,2025.1
2014,31,0,1,3104,HSLS,81410,3,0,2011,.6,3,0,5.333333492279053,7.111111164093018,7.625,,,3.25,7,,,6.333333492279053,6.6666665,1,,7.44444465637207,,7.666666507720947,,7,,7.6666665,3.285714387893677,,2.888888835906982,,,,,4.111111164093018,,4.285714149475098,,,4.8000002,,,4.5555553,,4.125,,3.5,,6.6666665,,,,,4.2857141,,3.5,,,,1.1111112,6,,6,,4.625,,6.571428775787354,,,5.800000190734863,5,,,,,2.875,6.2222223,,,,13,5,8,2025.1
2019,31,0,1,3104,HSLS,81410,.58,.69999999,2016,,3,0,5.34782600402832,6.958333492279053,7.9047618,2.5555556,2.4615386,3.545454502105713,5.4545455,2.8125,4.1999998,6.47826099395752,6.1999998,1.5,2.3125,7.095238208770752,,7.65217399597168,,6.714285850524902,5.222222328186035,7.1363635,3.285714387893677,,2.409090995788574,,,,,2.799999952316284,,5.157894611358643,3.25,2.1764705,4.8000002,2.875,1.9285715,3.8636363,,3.954545497894287,,2.444444417953491,,6.6666665,3.05,,,3.0952382,3.5263157,,,,,,,,,6.363636493682861,,5.1904764,,6.199999809265137,,5,4.736842155456543,,,1.2222222,.31818181,3,2.2380953,5.181818,8.227273,,,,,,2025.1
2014,31,0,1,3105,HNS,81712,6.7,8.6000004,2011,7.5,3,1,4,6.111111164093018,7.625,,,1.75,7.6666665,,,7,9.333333,1.1111112,,6.55555534362793,,7.333333492279053,,6.25,,6.3333335,2.5,,1.333333373069763,,,,,1.666666626930237,,3,,,2.2,,,1.4444444,,1.555555582046509,,1.857142806053162,,6.6666665,,,,,4.375,,3.7142856,,,,1,6,,6.75,,5.375,,6.875,,,6.5,5.599999904632568,,,,,1.4444444,5.3333335,,,,8,13,5,2025.1
2019,31,0,1,3105,HNS,81712,5.37,6.0999999,2016,2.6,3,1,4.291666507720947,6.291666507720947,7.5416665,2.3,2.8461537,1.916666626930237,7.2916665,1.4705882,3.3333333,6.5652174949646,7.3913045,1.5,1.0625,6.5652174949646,,7.130434989929199,,5.954545497894287,4.761904716491699,6.478261,3.08695650100708,,1.583333373069763,,,,,1.416666626930237,,4.363636493682861,3.375,2.0476191,3.8947368,3.1052632,1.7368422,2.375,,2.833333253860474,,2.142857074737549,,6.4545455,2.9545455,,,3.4782608,4,,,,,,,,,6.608695507049561,,5.521739,,6.238095283508301,,5.136363506317139,5.199999809265137,,,1.6666666,.65217394,2.0833333,1.0416666,3.375,8.681818,,,,,,2025.1
2014,31,0,1,3106,IDS,81953,1.5,2,2011,7.5,8,1,3.333333253860474,5.333333492279053,6.75,,,1.875,7,,,6.777777671813965,8.666667,.71428573,,5.571428775787354,,5.888888835906982,,4.857142925262451,,5.2222223,2.25,,1.666666626930237,,,,,2.111111164093018,,3,,,2.2,,,1.1111112,,1.222222208976746,,3.714285612106323,,5.5555553,,,,,2,,4.25,,,,1.1111112,6,,6.375,,4.75,,6.875,,,6.142857074737549,5.25,,,,,2.1111112,4.875,,,,4,8,11,2025.1
2019,31,0,1,3106,IDS,81953,2.18,2,2016,5.2,8,0,3.25,5.26086950302124,6.869565,2.2222223,2.7692308,1.333333373069763,7.6086955,1,2.5,6.947368621826172,8.130435,.625,.75,4.956521511077881,,5.952381134033203,,4.476190567016602,5.699999809265137,5,2.52173924446106,,1.08695650100708,,,,,1.04347825050354,,3.666666746139526,3.349999904632568,1.45,2,4,1.0555556,1.2173913,,.9583333134651184,,3.952380895614624,,4.5999999,4.8095236,,,4.9047618,.58333331,,,,,,,,,6.304347991943359,,5.4285712,,6.857142925262451,,5.409090995788574,5.949999809265137,,,.8888889,.9130435,2.826087,1.25,3.826087,8.409091,,,,,,2025.1
2024,31,0,1,3106,IDS,81953,2.25,2,2024,3.650000095367432,8,,4,5.166666507720947,5.5999999,2,3.4444444,3,5.5999999,1,2.875,6.684210300445557,6.8888888,.80000001,1,5.142857074737549,,5.875,,4.875,3.466666698455811,,3,,,,2.5999999,2.7777777,2.5,2.599999904632568,,3.928571462631226,3.533333301544189,1.9090909,3.7857144,3.4285715,,1.4,,1.399999976158142,,4.900000095367432,,3,4.5,3.2857144,5,3.5999999,1.5454545,,,,,,,,,6.199999809265137,,,,,,,4.833333492279053,,4.8000002,,1.25,2.5999999,3.0999999,5.8571429,,2.375,1.5714285,,,,2025.1
2014,31,0,1,3107,HDSSB,81952,3,4,2011,1.7,8,0,8.44444465637207,5,5.625,,,8.625,6.6666665,,,4.75,6.2222223,1.1666666,,5.166666507720947,,4.599999904632568,,3.833333253860474,,4.1428571,7.428571224212646,,8.55555534362793,,,,,8.5,,7.5,,,8.3999996,,,8.5555553,,8.44444465637207,,8.25,,6.1428571,,,,,2.375,,4.4000001,,,,1.6666666,3.333333253860474,,4,,2.5714285,,6.125,,,4.400000095367432,3.5,,,,,6.7777777,5.1428571,,,,4,12,18,2025.1
2019,31,0,1,3107,HDSSB,81952,1.19,.69999999,2016,,8,0,8.409090995788574,5.0625,4.5882354,1.5,5.2222223,8.545454978942871,6.5714288,2.3333333,3.75,3.900000095367432,4.2941175,3.6666667,3.8461537,3.923076868057251,,4.266666889190674,,3.666666746139526,5.764705657958984,3.5882354,7.75,,8.217391014099121,,,,,7.863636493682861,,8.800000190734863,5.571428775787354,1.2941177,8,4,1.1875,8.695652,,8.434782981872559,,8.095237731933594,,5.6428571,3.3888888,,,8.4210529,1.5217391,,,,,,,,,3.470588207244873,,2.7222223,,6.210526466369629,,2.176470518112183,2.529411792755127,,,.9285714,2.8421052,5.5454545,5.521739,4,8.9047623,,,,,,2025.1
2019,31,0,1,3108,HSU,,.6,.69999999,2016,,9,0,4.400000095367432,2.761904716491699,6.1428571,1.125,4.3333335,4.941176414489746,2.5999999,2.8181818,4.6666665,5.761904716491699,3.4210527,1,2.909091,2.400000095367432,,2.777777671813965,,2.333333253860474,7.523809432983398,2.5454545,5.25,,4.5,,,,,3.615384578704834,,5.300000190734863,2.263157844543457,1.8888888,4.6666665,1.25,2.1111112,4.5714288,,4.1875,,4.571428775787354,,5.2857141,1.7333333,,,6.7222223,5.0999999,,,,,,,,,4.461538314819336,,3.8333333,,6.066666603088379,,4.111111164093018,4.272727489471436,,,.66666669,.17647059,3.6875,1.5,3.5,8.6111107,,,,,,2025.1
2014,31,0,1,3109,HSP,81713,3,0,2011,1.7,2,0,9.25,4.714285850524902,4.875,,,9.375,7.8888888,,,2.857142925262451,5,1.75,,5.800000190734863,,4.599999904632568,,4.25,,4.1999998,8.666666984558105,,9.222222328186035,,,,,9.142857551574707,,8.666666984558105,,,9.1999998,,,9.5555553,,8.888889312744141,,7.400000095367432,,5.5999999,,,,,6.8000002,,4.4000001,,,,2.8571429,2.666666746139526,,3.333333253860474,,1.8571428,,5.599999904632568,,,3,2.75,,,,,6.7142859,6,,,,12,36,1,2025.1
2019,31,0,1,3110,SDSS,,2,2,2016,2.66,5,0,3.083333253860474,2.736842155456543,3.5454545,1.125,4,2.904761791229248,5.0952382,1.6666666,4.25,6.17391300201416,5.7619047,1.6,2.3846154,2.894736766815186,,3.0625,,3.052631616592407,6.199999809265137,2.7777777,2.599999904632568,,2.30434775352478,,,,,2.39130425453186,,3.764705896377563,2.900000095367432,2,2,3.6666667,1.3125,2.8181818,,.4583333432674408,,5.411764621734619,,4.3000002,2,,,6.25,3.0588236,,,,,,,,,4.75,,4.1428571,,6.5,,5.066666603088379,5,,,1.375,.76190478,2.6470587,1.75,3.3157895,8.565217,,,,,,2025.1
2024,31,0,1,3110,SDSS,,1.4,3,2024,1.830000042915344,5,,3.722222328186035,3,3.8125,1.5,4.375,3.764705896377563,5.5882354,1.375,2.625,6.277777671813965,5.4444447,.5714286,2.1428571,3,,4.111111164093018,,2.923076868057251,4.071428775787354,,3.099999904632568,,,,2.75,4.1428571,3.2,4,,4.400000095367432,2.923076868057251,1.6,3.9230769,2.7142856,,2.5999999,,.2000000029802322,,5.454545497894287,,3.8333333,2.3333333,4,2.7142856,4.75,1.7777778,,,,,,,,,4,,,,,,,4.400000095367432,,5.6666665,,1,2.8,2.4000001,5.1666665,,3,2.7142856,,,,2025.1
2014,31,0,1,3112,HL-SR,81230,4.2,4,2011,3.4,5,0,2,2,8.875,,,2.125,6,,,5.55555534362793,6.1111112,1.75,,3.111111164093018,,2.222222328186035,,1.25,,2.1111112,2.428571462631226,,2.333333253860474,,,,,2.555555582046509,,3.857142925262451,,,3.5999999,,,2.6666667,,2.285714387893677,,2.714285612106323,,4.75,,,,,3,,6.1999998,,,,1.7777778,5,,3.75,,2.75,,5.875,,,4.285714149475098,5,,,,,7.8888888,7.75,,,,14,17,1,2025.1
2014,31,0,1,3113,HSP-AS,81713,.6,.69999999,2011,6.9,2,0,9,4.75,5.125,,,9.25,7.7777777,,,3.625,7,4,,6.166666507720947,,5.428571224212646,,4,,4.8571429,8.666666984558105,,9.222222328186035,,,,,8.777777671813965,,8.714285850524902,,,9,,,9.333333,,8.777777671813965,,7,,5.5999999,,,,,6.8000002,,4.4000001,,,,2.5,4.400000095367432,,3.571428537368774,,2.1666667,,5.571428775787354,,,3.571428537368774,3,,,,,7.75,7,,,,12,38,7,2025.1
2014,31,0,1,3114,ORaH,,,,2011,9.4,7,0,2.444444417953491,3,6.5,,,1,7.8888888,,,6.111111164093018,8.1111107,1,,4.777777671813965,,3,,3.125,,2.375,1.285714268684387,,.7777777910232544,,,,,1.111111164093018,,1.833333373069763,,,1,,,.77777779,,1.222222208976746,,3.142857074737549,,1.1111112,,,,,2.5714285,,7,,,,1.2222222,6.166666507720947,,4.75,,4,,6.375,,,4.428571224212646,5.75,,,,,4.4444447,7.125,,,,6,16,26,2025.1
2019,31,0,1,3115,Most,,9.43,8.8000002,2016,4.67,2,0,7.82608699798584,5.772727489471436,6.347826,3,6.2307692,8.5,7.304348,2.9375,6,3.818181753158569,5.6086955,3.8571429,4.4375,5.5,,4.681818008422852,,4.449999809265137,5.894736766815186,4.7272725,7.5,,8.391304016113281,,,,,8.52173900604248,,8.695652008056641,6.65217399597168,1.8571428,8.8421049,4.5999999,2.2105262,8.652174,,7.82608699798584,,6.904761791229248,,5.3684211,3.8571429,,,7.5652175,3.1363637,,,,,,,,,3.52173924446106,,2.5217392,,5.699999809265137,,2.142857074737549,2.454545497894287,,,1.75,2.9545455,7.2173915,8.391304,7.5652175,8.304348,,,,,,2025.1
2024,31,0,1,3115,Most,,8.02,11,2024,4.010000228881836,2,,7.777777671813965,6.052631378173828,5.4444447,2.875,4.3636365,8.117647171020508,8.3529415,3.125,3,4.050000190734863,5.0555553,3.1818182,3.7777777,6.25,,6.25,,5.352941036224365,4.470588207244873,,8,,,,6.8571429,8.2222223,8.75,7.714285850524902,,8.70588207244873,8.764705657958984,1.7333333,8.0666666,7.352941,,8.8000002,,8.399999618530273,,6.727272510528564,,5.3333335,3.1111112,7,4.125,7,3.7,,,,,,,,,3,,,,,,,1.5,,2.6666667,,3.25,8.833333,8.636364,8.875,,5.1111112,3.4285715,,,,2025.1
2019,31,0,1,3116,ZZ,,5.92,5.4000001,2016,5.66,9,0,4.789473533630371,3.190476179122925,6.3636365,3.0999999,6.6153846,4.956521511077881,4.826087,3.9411764,6.8333335,1.818181872367859,6.9130435,3.2857144,2.1875,4.263157844543457,,3.052631616592407,,2.809523820877075,6.761904716491699,2.9523809,4.090909004211426,,4.699999809265137,,,,,3.388888835906982,,7.333333492279053,6.142857074737549,3.1052632,6.3333335,4.125,2.5714285,5.3636365,,5.368421077728271,,3.8125,,4.352941,4.3333335,,,8.3684206,3.8666666,,,,,,,,,2.272727251052856,,1.4347826,,4.142857074737549,,1.523809552192688,1.363636374473572,,,3.3157895,2.45,8.478261,9.583333,8.304348,8.347826,,,,,,2025.1
2019,31,0,1,3117,MB 365,,3.8,1.4,2016,1.97,5,0,5.636363506317139,3.666666746139526,5.4347825,1.75,6.1538463,6.043478488922119,3.5217392,3.2857144,6.5999999,4.75,3.2173913,2.25,4.5384617,3.454545497894287,,4.388888835906982,,3.272727251052856,6.368421077728271,3.4210527,5.238095283508301,,5.545454502105713,,,,,6.130434989929199,,6.588235378265381,2.578947305679321,1.7333333,5.4615383,2.1333334,2,5.5454545,,4.047618865966797,,3.70588231086731,,6.5,2.4705882,,,6.2777777,3.55,,,,,,,,,4.625,,4,,5.888888835906982,,3.666666746139526,4.285714149475098,,,1.2777778,.66666669,3.4545455,3.5416667,1.4347826,9.541667,,,,,,2025.1
2019,31,0,1,3118,NS-R,,1.54,.69999999,2016,,3,0,4.636363506317139,6,7.6190476,1.5555556,3.3636363,2.954545497894287,5.3499999,1.4375,5.5,6.4210524559021,5.6666665,2,1.5,6.428571224212646,,6.666666507720947,,5.761904716491699,5.050000190734863,6.2272725,3.761904716491699,,3.333333253860474,,,,,2.799999952316284,,4.400000095367432,3.222222328186035,1.375,3.9285715,2.9333334,1.375,3.5238094,,3.473684310913086,,3.133333444595337,,6.7857141,2.8235295,,,4.1052632,3.3529413,,,,,,,,,6.176470756530762,,5.3333335,,6.5,,4.857142925262451,5.066666603088379,,,1.1875,.61904764,2.7727273,2.1818182,3.7368422,8.9523811,,,,,,2025.1
2019,31,0,1,3119,HKS,,,,2016,4.26,2,0,9.260869979858398,6,3.5625,1.5,4.5,9.47826099395752,8.7142859,.5714286,2.8,2.61904764175415,5.9000001,2.2,1.9285715,5.214285850524902,,5.583333492279053,,5.07692289352417,5.0625,5.3571429,8.619047164916992,,9.454545021057129,,,,,9.34782600402832,,9.263157844543457,7.947368621826172,.70588237,9.2222223,7,.70588237,9.545455,,9.363636016845703,,6.733333110809326,,6.090909,2.2666667,,,8.2777777,7.8000002,,,,,,,,,2.823529481887817,,1.8333334,,4.571428775787354,,1.368421077728271,1.842105269432068,,,1.6666666,4.4499998,7.352941,7.1500001,6.4705882,8.8947372,,,,,,2025.1
2024,31,0,1,3120,M!,,9.1,10,2024,5.929999828338623,7,,2.277777671813965,2.349999904632568,6.9444447,2,2.090909,1.235294103622437,8.1176472,.75,3,6.315789699554443,7.0526314,1.1,1.75,1.875,,2.888888835906982,,2.176470518112183,6.764705657958984,,1.399999976158142,,,,.5714286,.66666669,.5,1.142857193946838,,2.529411792755127,5.941176414489746,1.3333334,2.4117646,6.1176472,,.2,,1.100000023841858,,2.909090995788574,,.55555558,8.666667,1.125,8.5,5.4000001,1.8,,,,,,,,,4.599999904632568,,,,,,,4.5,,6.1666665,,2,5,5.090909,9.25,,1.8,1.2857143,,,,2025.1
2024,31,0,1,3121,Centar,,1.2,2,2024,1.230000019073486,3,,4.722222328186035,6.368421077728271,6.25,2,3,3.125,6.4705882,1,3.625,6.349999904632568,6.6666665,.8888889,1.6666666,6.25,,6.888888835906982,,5.764705657958984,4.529411792755127,,2.200000047683716,,,,2.2857144,2.6666667,2.125,1.571428537368774,,3.916666746139526,4.266666889190674,2.3636363,4.6153846,3.6923077,,1.8,,2.599999904632568,,3.090909004211426,,3.25,3.75,3.5,4.625,3.2,2.5,,,,,,,,,6,,,,,,,4.833333492279053,,4.8000002,,1.5,2.8333333,4.7272725,8.5714283,,2.4444444,1.2857143,,,,2025.1
2024,31,0,1,3122,DPS,,9.56,14,2024,8.840000152587891,1,,8.94444465637207,6.300000190734863,4.5,4.2857141,5.181818,9.117647171020508,8.9411764,1.375,2.25,3.421052694320679,4.9444447,3.3,3.7777777,6.25,,6.125,,6,4.941176414489746,,9,,,,7.8571429,9.1111107,9.75,9.142857551574707,,9.235294342041016,9.058823585510254,1.1333333,8.6875,7.4705882,,9.8000002,,9.399999618530273,,7.454545497894287,,6.75,2.7777777,7.4285712,3.125,6.5999999,6.5,,,,,,,,,2.5,,,,,,,1.5,,.83333331,,3.25,6.5,7.909091,4.875,,7.1999998,5.8571429,,,,2025.1
2014,37,0,1,3701,PL,54320,54.8,56.5,2013,53.4,5,1,5,5.25,8.5,,,2.25,7.5,,,5.599999904632568,6.1999998,3,,6,,6.5,,4.5,,4,4.25,,1.75,,,,,2,,8.5,,,6.25,,,6.75,,5.75,,3,,7.5,,,,,7,,7.3333335,,,,1,5.5,,6,,3.25,,6.75,,,5.666666507720947,4.333333492279053,,,,,3.3333333,3,,,,,,,2025.1
2019,37,0,1,3701,PL,54320,55.04,55.200001,2017,54.29,5,1,6.142857074737549,6.428571224212646,8.7142859,2.5,2,2,8,2,1.5,6.142857074737549,7.7142859,1.25,4.3333335,5.285714149475098,,7.285714149475098,,3.714285612106323,7.142857074737549,5.8571429,2,,1.714285731315613,,,,,2.285714387893677,,5.857142925262451,8.142857551574707,2.1428571,5.1666665,4.5,3.6666667,2.7142856,,5,,3.5,,8,3.8571429,,,2.1428571,6,,,,,,,,,5.571428775787354,,4.4285712,,6,,4,4.142857074737549,,,.85714287,2.4285715,2.7142856,4,3.4285715,8.2857141,,,,,,2025.1
2024,37,0,1,3701,PL,54320,55.11,44,2022,45.2599983215332,5,,6.333333492279053,5.666666507720947,8.333333,4.5,2,3.333333253860474,6,2,6,5.666666507720947,5.3333335,1.5,10,7,,6,,3,5,,,,,,3,2,3,,,7.333333492279053,6.666666507720947,5,6.6666665,6,,7,,6.5,,,,4,3,6,7.5,,6.6666665,,,,,,,,,5,,,,,,,4,,7,,,3,6,,,8,6,,,,2025.1
2014,37,0,1,3702,PN,54620,43.3,43.5,2013,40,2,0,6.5,6.25,8.5,,,4.75,5.25,,,7,7.8000002,.80000001,,6.333333492279053,,7,,5.5,,6.75,4.75,,4.5,,,,,7.5,,6.75,,,5,,,7,,4.5,,5,,5.75,,,,,2.3333333,,4.3333335,,,,1,5.75,,6.25,,5.75,,6.75,,,6.75,4,,,,,4.3333335,8,,,,,,,2025.1
2019,37,0,1,3702,PN,54620,43.68,44.799999,2017,37.9,2,0,6.142857074737549,6.428571224212646,5.7142859,4.5,3,6.571428775787354,5.4285712,6.8000002,4.5,6.571428775787354,7.8571429,1.25,4,4.285714149475098,,6,,3.571428537368774,7,5.7142859,6.285714149475098,,4.714285850524902,,,,,7,,7.571428775787354,7.571428775787354,4.1428571,6.2857141,5.1666665,5,5,,5.666666507720947,,5.833333492279053,,5.4285712,4.7142859,,,1.8571428,4.7142859,,,,,,,,,5.857142925262451,,4.7142859,,6,,4.142857074737549,4.714285850524902,,,.85714287,2.1428571,3.7142856,6.4285712,8.2857141,6.2857141,,,,,,2025.1
2024,37,0,1,3702,PN,54620,41.74,35,2022,42.02000045776367,2,,6.666666507720947,4,7,3,2,6.333333492279053,6.3333335,4,4.5,6,6,1,8,3,,6,,3.5,5,,,,,,4,5.5,4,,,8.333333015441895,7.666666507720947,5.3333335,7.6666665,7,,7,,6,,,,4,3,3.5,7,,5.6666665,,,,,,,,,5,,,,,,,7,,5,,,3,6,,,4,5,,,,2025.1
2014,38,1,1,3801,CSV,23520,33.7,38.299999,2013,37.7,4,0,6.5,4.5,7.5,,,6,3,,,7,8,2.3333333,,4.5,,6,,4.5,,6,5,,5.5,,,,,7.5,,7.5,,,7,,,5.5,,7,,7,,5.5,,,,,5,,1.5,,,,1,7,,6,,6.5,,6,,,6.5,3,,,,,2.5,2.5,,,,,,,2025.1
2019,38,1,1,3801,CSV,23520,27.08,35,2018,21.1,4,0,6,5.5,4.5,3,3,6,5,4,7,6.5,6.5,2,1,3,,4.5,,3.5,7,5,5.5,,3.5,,,,,5.5,,4,5,4,6,4.5,4,5,,6,,5,,5,4,,,3.5,5,,,,,,,,,7,,4,,6,,6,6,,,0,0,3.5,.5,3,7,,,,,,2025.1
2014,38,1,1,3802,GRENG,23113,10.1,10,2013,15,7,1,3,4,5,,,.5,9,,,6.333333492279053,6,3,,6,,5,,4,,4.5,2,,1,,,,,2.5,,4.5,,,5.5,,,4,,3,,2.5,,1,,,,,4,,5,,,,1.3333334,7,,6.5,,4.5,,6,,,6.5,4.5,,,,,6.5,7,,,,,,,2025.1
2019,38,1,1,3802,Greng,23113,14.1,15,2018,18.91,7,1,4.5,4.5,5,5,7,3,3.5,3,3,6,5,2,4,4,,4,,4,7,5,3.5,,1,,,,,3.5,,4,5,4,4.5,4,4,4,,5,,7,,3.5,7,,,3.5,5,,,,,,,,,7,,4,,6,,6,6,,,0,0,4.5,1.5,3,5,,,,,,2025.1
2014,38,1,1,3803,DP,23420,18.3,21.700001,2013,14.8,3,1,5,7.5,8,,,.5,9.5,,,6.333333492279053,5.6666665,2.6666667,,7.5,,8,,5,,8,2,,1,,,,,1.5,,6.5,,,6.5,,,5.5,,4.5,,3.5,,7,,,,,4,,1.5,,,,1,7,,6.5,,6.5,,5,,,6.5,3.5,,,,,5,5,,,,,,,2025.1
2019,38,1,1,3803,DP,23420,16.4,20,2018,21.44,3,1,5.5,5.5,4,2,3,4,5.5,2,7,6.5,6,2,3,5.5,,6.5,,6.5,3,4.5,4.5,,1,,,,,3,,4,5,6,5,4.5,3,4.5,,6,,1,,5,7,,,2.5,5,,,,,,,,,7,,3,,5,,6,6.5,,,0,0,3,.5,1.5,7,,,,,,2025.1
2014,38,1,1,3804,LSAP,23320,20.3,21.700001,2013,11.8,5,1,4,4.5,7.5,,,1,9,,,6.333333492279053,5.6666665,3.6666667,,5.5,,5.5,,2.5,,5.5,2,,1,,,,,.5,,6,,,6.5,,,4.5,,4,,2,,6,,,,,5,,1.5,,,,1,6.5,,5,,4.5,,6.5,,,6.5,4.5,,,,,5,6,,,,,,,2025.1
2019,38,1,1,3804,LSAP,23320,15.72,16.700001,2018,12.19,5,1,4,4,5,5,4,4,4.5,2,5,6.5,5,2,4,3.5,,4,,3.5,7,5,5,,1,,,,,2,,4,5.5,4,4.5,4,3,4.5,,5,,5,,4.5,7,,,4,5,,,,,,,,,7,,3,,6,,6,6,,,0,0,3.5,.5,1.5,7,,,,,,2025.1
2014,38,1,1,3805,ADR,23951,6.6,5,2013,7.5,2,0,8,7,7,,,8.5,6.5,,,3,4,1.3333334,,5,,6,,6,,7,7,,8,,,,,8,,9.5,,,9,,,9,,9.5,,8.5,,4.5,,,,,,,3,,,,2,7,,2,,2,,4.5,,,5.5,1,,,,,9,8,,,,,,,2025.1
2019,38,1,1,3805,ADR,23951,8.02,6.6999998,2018,10.04,2,0,8,7,5,5,4,8,8,4,2,4,4,3,7,3.5,,5,,4.5,6,6,7.5,,5.5,,,,,6.5,,6.5,6.5,2,8,7,1,7.5,,8,,7,,4,5,,,5.5,,,,,,,,,,6.5,,2,,5,,4.5,5,,,0,.5,6.5,6,4,4,,,,,,2025.1
2014,38,1,1,3806,DL,23230,4.9,3.3,2013,5.8,6,0,.5,.5,8.5,,,.5,8,,,3.666666746139526,3.6666667,1.3333334,,.5,,0,,0,,1,1.5,,.5,,,,,.5,,2,,,3.5,,,1,,1.5,,2.5,,2,,,,,,,8.5,,,,2.5,7,,2.5,,1,,6.5,,,5.5,4,,,,,9,8,,,,,,,2025.1
2019,38,1,1,3806,DL,23230,4.72,3.3,2018,4.83,6,0,1.5,1.5,5.5,1,1,2.5,2.5,2,2,4,4,3,7,1.5,,1.5,,1.5,7,5,2.5,,1,,,,,1.5,,1.5,6.5,5,3,5,3,2.5,,4,,5,,3,5,,,6.5,,,,,,,,,,6,,2,,6.5,,5.5,4.5,,,0,0,6,5.5,4,5,,,,,,2025.1
2019,38,1,1,3807,PPLU,,6.2,3.3,2018,7.7,9,0,5,5.5,6,5,7,5,5,4,7,4.5,4,2,7,5,,7,,5,3,3,2,,2,,,,,3,,6,5.5,7,8,8,2,6,,7,,5,,5,5,,,6,,,,,,,,,,6.5,,3,,5,,4.5,5,,,0,.5,7,6.5,4,3,,,,,,2025.1
2014,40,0,1,4001,DISY,55711,34.3,35.700001,2011,37.8,2,1,7.5,8.5,9.75,,,6,2.25,,,6.75,6,1,,7,,9.5,,8.5,,7,7,,4,,,,,6,,6.5,,,6,,,4.5,,6,,3,,7,,,,,7,,1.5,,,,1.25,5.666666507720947,,6.75,,4.75,,6.25,,,6.75,4.5,,,,,3.5,7.5,,,,,,,2025.1
2019,40,0,1,4001,DISY,55711,30.69,32.099998,2016,29.02,2,1,7.5,8,7.5,3,7,6.5,3.5,,8.5,6,8,0,6,7.5,,8.5,,8,4.5,8.5,7.5,,5,,,,,6.5,,8,7,6,7,4,6,5.5,,6,,3,,8,2.5,,,2,2,,,,,,,,,7,,6,,7,,6,5,,,0,4.5,2,1.5,4,8.5,,,,,,2025.1
2024,40,0,1,4001,DISY,55711,27.77,17,2021,24.78000068664551,2,,7.199999809265137,8,6.4000001,1,6.25,5.800000190734863,5.1999998,,6.1999998,7,7.4000001,1.25,2,7,,8,,7.199999809265137,4.800000190734863,,6.5,,,,4,5,2,5,,7.400000095367432,6.599999904632568,3,6.4000001,6.75,,7,,8,,4.5,,8,2.5,4.6666665,6,4.3333335,4.5,,,,,,,,,6.5,,,,,,,6,,2,,5.75,1.6666666,2,,,7,2.6666667,,,,2025.1
2014,40,0,1,4002,EVROKO,55430,3.9,3.5999999,2011,0,2,1,8.666666984558105,8.5,8.75,,,7.25,2,,,6,5.5,1,,6.5,,8.5,,7.5,,6,8,,5.5,,,,,8,,8,,,7,,,8,,8,,3,,6,,,,,6,,2,,,,1.25,5.666666507720947,,6.25,,4,,6.25,,,6.75,2.75,,,,,4.5,7.5,,,,,,,2025.1
2014,40,0,1,4003,AKEL,55321,32.7,33.900002,2011,27,6,0,2,2,9.75,,,3.25,2.75,,,4.5,6.5,2.5,,3.5,,2,,2.5,,2,2,,3.5,,,,,2,,3,,,3,,,3.5,,2.5,,5,,3,,,,,3,,9.5,,,,2.5,6.75,,3.75,,2,,6,,,3.25,4.25,,,,,6.5,7.5,,,,,,,2025.1
2019,40,0,1,4003,AKEL,55321,25.67,28.6,2016,27.49,6,0,3,2.5,6.5,1,3,2.5,7,,2.5,5,6,2,7,2,,2,,1,8,2,2.5,,2.5,,,,,1,,2,6,2,2.5,7,2,2.5,,3,,5,,2.5,7.5,,,6,2,,,,,,,,,4,,3,,7,,4,4,,,0,.5,5.5,5.5,7.5,7,,,,,,2025.1
2024,40,0,1,4003,AKEL,55321,22.34,15,2021,21.48999977111816,6,,2,2.200000047683716,8.1999998,0,4.25,2.400000095367432,7.4000001,,2.2,5,4.5999999,2.5,2,4.5,,1.666666626930237,,2.400000095367432,8.199999809265137,,3.5,,,,1,2.5,2,1.333333373069763,,3,6.199999809265137,2,1.8,7.25,,3,,4,,4.5,,3,4.5,4,7,6,3,,,,,,,,,4,,,,,,,3,,8,,2.25,3,5,,,4,1.3333334,,,,2025.1
2014,40,0,1,4004,DIKO,55422,15.8,16.1,2011,10.8,2,.5,6,6.25,9,,,6.25,2,,,5.5,5.25,1.5,,6.5,,7,,6,,5.5,7,,5,,,,,7,,7,,,7,,,7.5,,8,,3,,5,,,,,5,,4,,,,1.5,6.333333492279053,,6.25,,3.3333333,,6.25,,,5.666666507720947,2.5,,,,,3.5,7.5,,,,,,,2025.1
2019,40,0,1,4004,DIKO,55422,14.49,16.1,2016,13.8,2,0,5.5,6,7,2,7,6,4.5,,5,6,7.5,0,7,5,,6,,4.5,5.5,4.5,5,,4,,,,,5.5,,7,6,3.5,6.5,4,3.5,5.5,,5,,4,,5.5,3,,,4,3,,,,,,,,,6,,5,,7,,4,3,,,0,2.5,4,3,6.5,8.5,,,,,,2025.1
2024,40,0,1,4004,DIKO,55422,11.29,9,2021,9.720000267028809,2,,5.800000190734863,5.199999809265137,5.8000002,1,6.25,6.800000190734863,4.4000001,,6.4000001,6.599999904632568,5.8000002,1.75,5,4.5,,5,,4.599999904632568,6,,7,,,,3,6.5,4,5,,7,6.599999904632568,2,7,6.75,,6.5,,7,,4.5,,7,3,4.3333335,6,4.3333335,4.5,,,,,,,,,6,,,,,,,5,,6,,5.25,2.6666667,2,,,7,1,,,,2025.1
2014,40,0,1,4005,EDEK,55322,8.9,8.8999996,2011,7.7,5,0,4.75,4.5,9,,,4.5,2.25,,,5.75,6.25,1.5,,5,,5,,4.5,,4,5,,4.5,,,,,6,,7,,,6,,,7.5,,7,,3,,4,,,,,4,,4,,,,1.5,6.5,,5.75,,3.3333333,,6.25,,,6,2.75,,,,,6.5,7.5,,,,,,,2025.1
2019,40,0,1,4005,EDEK,55322,6.18,5.4000001,2016,10.58,5,0,4.5,4.5,5.5,3,7,6,3.5,,6.5,5.5,6.5,1,5,4,,4.5,,4,6,3.5,5,,4.5,,,,,3.5,,7,6,3.5,6.5,4,3,4.5,,5,,4,,6,4,,,4,3,,,,,,,,,5,,4,,7,,4,3,,,0,3,3.5,4.5,6,8.5,,,,,,2025.1
2024,40,0,1,4005,EDEK,55322,6.72,4,2021,5.070000171661377,5,,5.199999809265137,4.599999904632568,6,0,5,5.400000095367432,6.4000001,,3.5999999,6.199999809265137,5.8000002,1.25,4,5.5,,4.333333492279053,,3.400000095367432,6.800000190734863,,7,,,,3.6666667,5.5,8,4.333333492279053,,8,7.199999809265137,2.4000001,7.1999998,6.75,,7.5,,8,,4.5,,7,3.5,4.6666665,5,4.6666665,4,,,,,,,,,6,,,,,,,,,3,,5,3,2,,,7,1.3333334,,,,2025.1
2014,40,0,1,4006,KOP,55110,2.2,1.8,2011,0,7,0,5.25,4.666666507720947,8.75,,,4,2,,,5.5,6,1.5,,5,,5,,4.5,,4,5,,4,,,,,4.5,,7,,,5,,,7,,7,,4,,1.5,,,,,4,,5,,,,1.5,6,,5,,3.6666667,,6.25,,,5.666666507720947,2.75,,,,,7.5,7.5,,,,,,,2025.1
2019,40,0,1,4006,KOP,55110,4.81,3.5999999,2016,,7,0,4.5,4,5.5,1,3,3,6.5,,3,5,6.5,0,7,3,,3,,2,7,4,3.5,,3.5,,,,,2.5,,4,4.5,2,5.5,4,2,4,,4,,5,,1.5,8.5,,,5.5,4,,,,,,,,,4,,3,,7,,4,3,,,0,2,4,6,8,5.5,,,,,,2025.1
2024,40,0,1,4006,KOSP,,4.41,3,2021,1.289999961853027,7,,4.400000095367432,4,5.8000002,1,3.75,2.799999952316284,7.4000001,,2.8,6.199999809265137,5.8000002,1.5,2,4,,3.333333253860474,,3.200000047683716,6.199999809265137,,4,,,,1.6666666,3.5,2,2.333333253860474,,5,5.199999809265137,2.5999999,4.25,6.25,,5,,5,,4.5,,1,9,2.6666667,7.5,4.6666665,4.5,,,,,,,,,5,,,,,,,5,,3,,2.75,2,5,,,5,1,,,,2025.1
2019,40,0,1,4007,SYM,,6.01,5.4000001,2016,3.29,8,0,4.5,4.5,6.5,1,4,3.5,5.5,,4,5,6.5,0,6,3.5,,4,,5,6,4,4,,3.5,,,,,3.5,,5.5,4.5,3,6,4,2.5,4,,4.5,,5,,5,5.5,,,5,4,,,,,,,,,5,,3,,7,,4,2,,,0,3,3.5,4.5,7,8,,,,,,2025.1
2019,40,0,1,4008,KINHMA,,5.24,5.4000001,2016,,2,0,7,7,5.5,1,6,7.5,4.5,,6.5,5,6,0,5,5,,6,,5.5,5,5.5,7,,6,,,,,6.5,,9,7.5,3,8.5,4,2,6.5,,7,,5,,6,2.5,,,6,4,,,,,,,,,5,,4,,7,,3,2,,,0,6.5,5.5,4,5,8,,,,,,2025.1
2019,40,0,1,4009,ELAM,,3.71,3.5999999,2016,8.25,1,0,10,7.5,6.5,1,5,10,4,,3,3.5,3.5,0,8,6,,5.5,,6,5.5,4,9,,9.5,,,,,9,,10,9.5,1.5,10,9,.5,10,,9,,5,,7,2.5,,,7,4,,,,,,,,,4,,3,,7,,3,2,,,0,8.5,6.5,6.5,6,9.5,,,,,,2025.1
2024,40,0,1,4009,ELAM,,6.78,4,2021,11.1899995803833,1,,9.399999618530273,4.599999904632568,5.1999998,0,6,9.199999809265137,8.6000004,,2.2,4,4.4000001,2.5,9,6,,4.333333492279053,,3.200000047683716,7.800000190734863,,9.5,,,,5,9.5,10,8.666666984558105,,9.800000190734863,9.800000190734863,0,9.6000004,7.75,,9.5,,10,,6,,8,2.5,7,3.5,6.6666665,6.5,,,,,,,,,2.5,,,,,,,,,3,,9.5,5,10,,,9,2,,,,2025.1
2024,40,0,1,4015,DIPA,,6.1,4,2021,2.170000076293945,3,,5.400000095367432,4.800000190734863,6,0,6.5,6.400000095367432,4.8000002,,5.8000002,6.599999904632568,5.8000002,1.25,6,4.5,,4.666666507720947,,4.400000095367432,6,,6.5,,,,3.3333333,6.25,6,4.666666507720947,,7,6.199999809265137,2,6.1999998,6.25,,6.5,,7,,5,,7,2.5,4.3333335,5,5,4.5,,,,,,,,,6,,,,,,,5,,3,,4.75,2.6666667,2,,,7,1,,,,2025.1
